OG_name	Emi219	Emi370	Emi374	Emi379	Emihu1	
OG1_5_4873	1	1	1	1	1
OG1_5_4889	1	1	1	1	1
OG1_5_4957	1	1	1	1	1
OG1_5_5327	1	1	1	1	1
OG1_5_5700	1	1	1	1	1
OG1_5_5701	1	1	1	1	1
OG1_5_5703	1	1	1	1	1
OG1_5_5704	1	1	1	1	1
OG1_5_5705	1	1	1	1	1
OG1_5_5707	1	1	1	1	1
OG1_5_5708	1	1	1	1	1
OG1_5_5709	1	1	1	1	1
OG1_5_5710	1	1	1	1	1
OG1_5_5711	1	1	1	1	1
OG1_5_5712	1	1	1	1	1
OG1_5_5713	1	1	1	1	1
OG1_5_5714	1	1	1	1	1
OG1_5_5715	1	1	1	1	1
OG1_5_5716	1	1	1	1	1
OG1_5_5717	1	1	1	1	1
OG1_5_5718	1	1	1	1	1
OG1_5_5719	1	1	1	1	1
OG1_5_5721	1	1	1	1	1
OG1_5_5722	1	1	1	1	1
OG1_5_5723	1	1	1	1	1
OG1_5_5724	1	1	1	1	1
OG1_5_5725	1	1	1	1	1
OG1_5_5726	1	1	1	1	1
OG1_5_5727	1	1	1	1	1
OG1_5_5728	1	1	1	1	1
OG1_5_5729	1	1	1	1	1
OG1_5_5730	1	1	1	1	1
OG1_5_5731	1	1	1	1	1
OG1_5_5732	1	1	1	1	1
OG1_5_5733	1	1	1	1	1
OG1_5_5734	1	1	1	1	1
OG1_5_5735	1	1	1	1	1
OG1_5_5736	1	1	1	1	1
OG1_5_5737	1	1	1	1	1
OG1_5_5738	1	1	1	1	1
OG1_5_5739	1	1	1	1	1
OG1_5_5740	1	1	1	1	1
OG1_5_5741	1	1	1	1	1
OG1_5_5742	1	1	1	1	1
OG1_5_5743	1	1	1	1	1
OG1_5_5744	1	1	1	1	1
OG1_5_5746	1	1	1	1	1
OG1_5_5747	1	1	1	1	1
OG1_5_5748	1	1	1	1	1
OG1_5_5749	1	1	1	1	1
OG1_5_5750	1	1	1	1	1
OG1_5_5751	1	1	1	1	1
OG1_5_5752	1	1	1	1	1
OG1_5_5753	1	1	1	1	1
OG1_5_5754	1	1	1	1	1
OG1_5_5755	1	1	1	1	1
OG1_5_5756	1	1	1	1	1
OG1_5_5757	1	1	1	1	1
OG1_5_5758	1	1	1	1	1
OG1_5_5759	1	1	1	1	1
OG1_5_5760	1	1	1	1	1
OG1_5_5762	1	1	1	1	1
OG1_5_5763	1	1	1	1	1
OG1_5_5764	1	1	1	1	1
OG1_5_5765	1	1	1	1	1
OG1_5_5767	1	1	1	1	1
OG1_5_5768	1	1	1	1	1
OG1_5_5769	1	1	1	1	1
OG1_5_5771	1	1	1	1	1
OG1_5_5773	1	1	1	1	1
OG1_5_5774	1	1	1	1	1
OG1_5_5775	1	1	1	1	1
OG1_5_5776	1	1	1	1	1
OG1_5_5778	1	1	1	1	1
OG1_5_5779	1	1	1	1	1
OG1_5_5780	1	1	1	1	1
OG1_5_5781	1	1	1	1	1
OG1_5_5782	1	1	1	1	1
OG1_5_5783	1	1	1	1	1
OG1_5_5784	1	1	1	1	1
OG1_5_5785	1	1	1	1	1
OG1_5_5786	1	1	1	1	1
OG1_5_5788	1	1	1	1	1
OG1_5_5789	1	1	1	1	1
OG1_5_5790	1	1	1	1	1
OG1_5_5791	1	1	1	1	1
OG1_5_5792	1	1	1	1	1
OG1_5_5793	1	1	1	1	1
OG1_5_5794	1	1	1	1	1
OG1_5_5795	1	1	1	1	1
OG1_5_5796	1	1	1	1	1
OG1_5_5798	1	1	1	1	1
OG1_5_5799	1	1	1	1	1
OG1_5_5800	1	1	1	1	1
OG1_5_5801	1	1	1	1	1
OG1_5_5802	1	1	1	1	1
OG1_5_5803	1	1	1	1	1
OG1_5_5804	1	1	1	1	1
OG1_5_5807	1	1	1	1	1
OG1_5_5808	1	1	1	1	1
OG1_5_5809	1	1	1	1	1
OG1_5_5810	1	1	1	1	1
OG1_5_5811	1	1	1	1	1
OG1_5_5812	1	1	1	1	1
OG1_5_5813	1	1	1	1	1
OG1_5_5814	1	1	1	1	1
OG1_5_5815	1	1	1	1	1
OG1_5_5816	1	1	1	1	1
OG1_5_5817	1	1	1	1	1
OG1_5_5818	1	1	1	1	1
OG1_5_5819	1	1	1	1	1
OG1_5_5820	1	1	1	1	1
OG1_5_5821	1	1	1	1	1
OG1_5_5822	1	1	1	1	1
OG1_5_5823	1	1	1	1	1
OG1_5_5824	1	1	1	1	1
OG1_5_5825	1	1	1	1	1
OG1_5_5826	1	1	1	1	1
OG1_5_5827	1	1	1	1	1
OG1_5_5828	1	1	1	1	1
OG1_5_5829	1	1	1	1	1
OG1_5_5830	1	1	1	1	1
OG1_5_5831	1	1	1	1	1
OG1_5_5832	1	1	1	1	1
OG1_5_5833	1	1	1	1	1
OG1_5_5834	1	1	1	1	1
OG1_5_5835	1	1	1	1	1
OG1_5_5836	1	1	1	1	1
OG1_5_5837	1	1	1	1	1
OG1_5_5838	1	1	1	1	1
OG1_5_5839	1	1	1	1	1
OG1_5_5840	1	1	1	1	1
OG1_5_5842	1	1	1	1	1
OG1_5_5843	1	1	1	1	1
OG1_5_5844	1	1	1	1	1
OG1_5_5845	1	1	1	1	1
OG1_5_5846	1	1	1	1	1
OG1_5_5847	1	1	1	1	1
OG1_5_5848	1	1	1	1	1
OG1_5_5850	1	1	1	1	1
OG1_5_5851	1	1	1	1	1
OG1_5_5852	1	1	1	1	1
OG1_5_5853	1	1	1	1	1
OG1_5_5854	1	1	1	1	1
OG1_5_5855	1	1	1	1	1
OG1_5_5856	1	1	1	1	1
OG1_5_5857	1	1	1	1	1
OG1_5_5858	1	1	1	1	1
OG1_5_5859	1	1	1	1	1
OG1_5_5860	1	1	1	1	1
OG1_5_5861	1	1	1	1	1
OG1_5_5862	1	1	1	1	1
OG1_5_5864	1	1	1	1	1
OG1_5_5865	1	1	1	1	1
OG1_5_5866	1	1	1	1	1
OG1_5_5867	1	1	1	1	1
OG1_5_5869	1	1	1	1	1
OG1_5_5870	1	1	1	1	1
OG1_5_5871	1	1	1	1	1
OG1_5_5872	1	1	1	1	1
OG1_5_5873	1	1	1	1	1
OG1_5_5874	1	1	1	1	1
OG1_5_5875	1	1	1	1	1
OG1_5_5876	1	1	1	1	1
OG1_5_5878	1	1	1	1	1
OG1_5_5879	1	1	1	1	1
OG1_5_5880	1	1	1	1	1
OG1_5_5881	1	1	1	1	1
OG1_5_5882	1	1	1	1	1
OG1_5_5883	1	1	1	1	1
OG1_5_5884	1	1	1	1	1
OG1_5_5885	1	1	1	1	1
OG1_5_5886	1	1	1	1	1
OG1_5_5887	1	1	1	1	1
OG1_5_5888	1	1	1	1	1
OG1_5_5889	1	1	1	1	1
OG1_5_5890	1	1	1	1	1
OG1_5_5891	1	1	1	1	1
OG1_5_5892	1	1	1	1	1
OG1_5_5893	1	1	1	1	1
OG1_5_5895	1	1	1	1	1
OG1_5_5896	1	1	1	1	1
OG1_5_5897	1	1	1	1	1
OG1_5_5898	1	1	1	1	1
OG1_5_5899	1	1	1	1	1
OG1_5_5900	1	1	1	1	1
OG1_5_5901	1	1	1	1	1
OG1_5_5902	1	1	1	1	1
OG1_5_5903	1	1	1	1	1
OG1_5_5904	1	1	1	1	1
OG1_5_5905	1	1	1	1	1
OG1_5_5906	1	1	1	1	1
OG1_5_5907	1	1	1	1	1
OG1_5_5908	1	1	1	1	1
OG1_5_5909	1	1	1	1	1
OG1_5_5910	1	1	1	1	1
OG1_5_5911	1	1	1	1	1
OG1_5_5912	1	1	1	1	1
OG1_5_5913	1	1	1	1	1
OG1_5_5915	1	1	1	1	1
OG1_5_5916	1	1	1	1	1
OG1_5_5917	1	1	1	1	1
OG1_5_5918	1	1	1	1	1
OG1_5_5919	1	1	1	1	1
OG1_5_5920	1	1	1	1	1
OG1_5_5921	1	1	1	1	1
OG1_5_5922	1	1	1	1	1
OG1_5_5923	1	1	1	1	1
OG1_5_5925	1	1	1	1	1
OG1_5_5926	1	1	1	1	1
OG1_5_5927	1	1	1	1	1
OG1_5_5928	1	1	1	1	1
OG1_5_5931	1	1	1	1	1
OG1_5_5932	1	1	1	1	1
OG1_5_5933	1	1	1	1	1
OG1_5_5934	1	1	1	1	1
OG1_5_5935	1	1	1	1	1
OG1_5_5936	1	1	1	1	1
OG1_5_5937	1	1	1	1	1
OG1_5_5938	1	1	1	1	1
OG1_5_5939	1	1	1	1	1
OG1_5_5940	1	1	1	1	1
OG1_5_5941	1	1	1	1	1
OG1_5_5942	1	1	1	1	1
OG1_5_5943	1	1	1	1	1
OG1_5_5944	1	1	1	1	1
OG1_5_5946	1	1	1	1	1
OG1_5_5947	1	1	1	1	1
OG1_5_5948	1	1	1	1	1
OG1_5_5949	1	1	1	1	1
OG1_5_5950	1	1	1	1	1
OG1_5_5951	1	1	1	1	1
OG1_5_5952	1	1	1	1	1
OG1_5_5953	1	1	1	1	1
OG1_5_5954	1	1	1	1	1
OG1_5_5955	1	1	1	1	1
OG1_5_5956	1	1	1	1	1
OG1_5_5957	1	1	1	1	1
OG1_5_5958	1	1	1	1	1
OG1_5_5959	1	1	1	1	1
OG1_5_5960	1	1	1	1	1
OG1_5_5961	1	1	1	1	1
OG1_5_5964	1	1	1	1	1
OG1_5_5966	1	1	1	1	1
OG1_5_5967	1	1	1	1	1
OG1_5_5968	1	1	1	1	1
OG1_5_5969	1	1	1	1	1
OG1_5_5970	1	1	1	1	1
OG1_5_5971	1	1	1	1	1
OG1_5_5972	1	1	1	1	1
OG1_5_5973	1	1	1	1	1
OG1_5_5975	1	1	1	1	1
OG1_5_5976	1	1	1	1	1
OG1_5_5977	1	1	1	1	1
OG1_5_5978	1	1	1	1	1
OG1_5_5979	1	1	1	1	1
OG1_5_5980	1	1	1	1	1
OG1_5_5982	1	1	1	1	1
OG1_5_5983	1	1	1	1	1
OG1_5_5984	1	1	1	1	1
OG1_5_5986	1	1	1	1	1
OG1_5_5989	1	1	1	1	1
OG1_5_5990	1	1	1	1	1
OG1_5_5991	1	1	1	1	1
OG1_5_5992	1	1	1	1	1
OG1_5_5993	1	1	1	1	1
OG1_5_5994	1	1	1	1	1
OG1_5_5996	1	1	1	1	1
OG1_5_5998	1	1	1	1	1
OG1_5_5999	1	1	1	1	1
OG1_5_6001	1	1	1	1	1
OG1_5_6002	1	1	1	1	1
OG1_5_6004	1	1	1	1	1
OG1_5_6006	1	1	1	1	1
OG1_5_6007	1	1	1	1	1
OG1_5_6008	1	1	1	1	1
OG1_5_6011	1	1	1	1	1
OG1_5_6012	1	1	1	1	1
OG1_5_6013	1	1	1	1	1
OG1_5_6014	1	1	1	1	1
OG1_5_6015	1	1	1	1	1
OG1_5_6017	1	1	1	1	1
OG1_5_6018	1	1	1	1	1
OG1_5_6019	1	1	1	1	1
OG1_5_6020	1	1	1	1	1
OG1_5_6021	1	1	1	1	1
OG1_5_6023	1	1	1	1	1
OG1_5_6024	1	1	1	1	1
OG1_5_6025	1	1	1	1	1
OG1_5_6027	1	1	1	1	1
OG1_5_6028	1	1	1	1	1
OG1_5_6030	1	1	1	1	1
OG1_5_6031	1	1	1	1	1
OG1_5_6032	1	1	1	1	1
OG1_5_6033	1	1	1	1	1
OG1_5_6034	1	1	1	1	1
OG1_5_6035	1	1	1	1	1
OG1_5_6036	1	1	1	1	1
OG1_5_6037	1	1	1	1	1
OG1_5_6038	1	1	1	1	1
OG1_5_6039	1	1	1	1	1
OG1_5_6042	1	1	1	1	1
OG1_5_6043	1	1	1	1	1
OG1_5_6044	1	1	1	1	1
OG1_5_6045	1	1	1	1	1
OG1_5_6046	1	1	1	1	1
OG1_5_6047	1	1	1	1	1
OG1_5_6048	1	1	1	1	1
OG1_5_6049	1	1	1	1	1
OG1_5_6050	1	1	1	1	1
OG1_5_6051	1	1	1	1	1
OG1_5_6052	1	1	1	1	1
OG1_5_6053	1	1	1	1	1
OG1_5_6054	1	1	1	1	1
OG1_5_6055	1	1	1	1	1
OG1_5_6056	1	1	1	1	1
OG1_5_6057	1	1	1	1	1
OG1_5_6058	1	1	1	1	1
OG1_5_6059	1	1	1	1	1
OG1_5_6060	1	1	1	1	1
OG1_5_6061	1	1	1	1	1
OG1_5_6062	1	1	1	1	1
OG1_5_6063	1	1	1	1	1
OG1_5_6064	1	1	1	1	1
OG1_5_6065	1	1	1	1	1
OG1_5_6066	1	1	1	1	1
OG1_5_6067	1	1	1	1	1
OG1_5_6068	1	1	1	1	1
OG1_5_6070	1	1	1	1	1
OG1_5_6071	1	1	1	1	1
OG1_5_6072	1	1	1	1	1
OG1_5_6073	1	1	1	1	1
OG1_5_6074	1	1	1	1	1
OG1_5_6075	1	1	1	1	1
OG1_5_6076	1	1	1	1	1
OG1_5_6077	1	1	1	1	1
OG1_5_6078	1	1	1	1	1
OG1_5_6080	1	1	1	1	1
OG1_5_6081	1	1	1	1	1
OG1_5_6083	1	1	1	1	1
OG1_5_6084	1	1	1	1	1
OG1_5_6085	1	1	1	1	1
OG1_5_6086	1	1	1	1	1
OG1_5_6088	1	1	1	1	1
OG1_5_6089	1	1	1	1	1
OG1_5_6091	1	1	1	1	1
OG1_5_6092	1	1	1	1	1
OG1_5_6093	1	1	1	1	1
OG1_5_6094	1	1	1	1	1
OG1_5_6095	1	1	1	1	1
OG1_5_6096	1	1	1	1	1
OG1_5_6097	1	1	1	1	1
OG1_5_6099	1	1	1	1	1
OG1_5_6100	1	1	1	1	1
OG1_5_6101	1	1	1	1	1
OG1_5_6102	1	1	1	1	1
OG1_5_6104	1	1	1	1	1
OG1_5_6105	1	1	1	1	1
OG1_5_6108	1	1	1	1	1
OG1_5_6109	1	1	1	1	1
OG1_5_6110	1	1	1	1	1
OG1_5_6111	1	1	1	1	1
OG1_5_6112	1	1	1	1	1
OG1_5_6113	1	1	1	1	1
OG1_5_6116	1	1	1	1	1
OG1_5_6117	1	1	1	1	1
OG1_5_6118	1	1	1	1	1
OG1_5_6119	1	1	1	1	1
OG1_5_6121	1	1	1	1	1
OG1_5_6123	1	1	1	1	1
OG1_5_6124	1	1	1	1	1
OG1_5_6125	1	1	1	1	1
OG1_5_6126	1	1	1	1	1
OG1_5_6127	1	1	1	1	1
OG1_5_6133	1	1	1	1	1
OG1_5_6134	1	1	1	1	1
OG1_5_6135	1	1	1	1	1
OG1_5_6137	1	1	1	1	1
OG1_5_6140	1	1	1	1	1
OG1_5_6141	1	1	1	1	1
OG1_5_6143	1	1	1	1	1
OG1_5_6144	1	1	1	1	1
OG1_5_6149	1	1	1	1	1
OG1_5_6151	1	1	1	1	1
OG1_5_6153	1	1	1	1	1
OG1_5_6154	1	1	1	1	1
OG1_5_6155	1	1	1	1	1
OG1_5_6156	1	1	1	1	1
OG1_5_6157	1	1	1	1	1
OG1_5_6158	1	1	1	1	1
OG1_5_6159	1	1	1	1	1
OG1_5_6161	1	1	1	1	1
OG1_5_6163	1	1	1	1	1
OG1_5_6164	1	1	1	1	1
OG1_5_6165	1	1	1	1	1
OG1_5_6167	1	1	1	1	1
OG1_5_6169	1	1	1	1	1
OG1_5_6171	1	1	1	1	1
OG1_5_6172	1	1	1	1	1
OG1_5_6173	1	1	1	1	1
OG1_5_6175	1	1	1	1	1
OG1_5_6176	1	1	1	1	1
OG1_5_6179	1	1	1	1	1
OG1_5_6181	1	1	1	1	1
OG1_5_6182	1	1	1	1	1
OG1_5_6183	1	1	1	1	1
OG1_5_6184	1	1	1	1	1
OG1_5_6186	1	1	1	1	1
OG1_5_6188	1	1	1	1	1
OG1_5_6189	1	1	1	1	1
OG1_5_6190	1	1	1	1	1
OG1_5_6193	1	1	1	1	1
OG1_5_6194	1	1	1	1	1
OG1_5_6195	1	1	1	1	1
OG1_5_6196	1	1	1	1	1
OG1_5_6198	1	1	1	1	1
OG1_5_6199	1	1	1	1	1
OG1_5_6200	1	1	1	1	1
OG1_5_6201	1	1	1	1	1
OG1_5_6202	1	1	1	1	1
OG1_5_6203	1	1	1	1	1
OG1_5_6204	1	1	1	1	1
OG1_5_6205	1	1	1	1	1
OG1_5_6206	1	1	1	1	1
OG1_5_6207	1	1	1	1	1
OG1_5_6208	1	1	1	1	1
OG1_5_6209	1	1	1	1	1
OG1_5_6211	1	1	1	1	1
OG1_5_6213	1	1	1	1	1
OG1_5_6215	1	1	1	1	1
OG1_5_6217	1	1	1	1	1
OG1_5_6219	1	1	1	1	1
OG1_5_6220	1	1	1	1	1
OG1_5_6221	1	1	1	1	1
OG1_5_6222	1	1	1	1	1
OG1_5_6223	1	1	1	1	1
OG1_5_6225	1	1	1	1	1
OG1_5_6228	1	1	1	1	1
OG1_5_6229	1	1	1	1	1
OG1_5_6230	1	1	1	1	1
OG1_5_6231	1	1	1	1	1
OG1_5_6232	1	1	1	1	1
OG1_5_6233	1	1	1	1	1
OG1_5_6234	1	1	1	1	1
OG1_5_6235	1	1	1	1	1
OG1_5_6237	1	1	1	1	1
OG1_5_6238	1	1	1	1	1
OG1_5_6239	1	1	1	1	1
OG1_5_6240	1	1	1	1	1
OG1_5_6241	1	1	1	1	1
OG1_5_6242	1	1	1	1	1
OG1_5_6243	1	1	1	1	1
OG1_5_6244	1	1	1	1	1
OG1_5_6245	1	1	1	1	1
OG1_5_6248	1	1	1	1	1
OG1_5_6249	1	1	1	1	1
OG1_5_6250	1	1	1	1	1
OG1_5_6255	1	1	1	1	1
OG1_5_6256	1	1	1	1	1
OG1_5_6257	1	1	1	1	1
OG1_5_6258	1	1	1	1	1
OG1_5_6259	1	1	1	1	1
OG1_5_6260	1	1	1	1	1
OG1_5_6261	1	1	1	1	1
OG1_5_6262	1	1	1	1	1
OG1_5_6264	1	1	1	1	1
OG1_5_6266	1	1	1	1	1
OG1_5_6267	1	1	1	1	1
OG1_5_6268	1	1	1	1	1
OG1_5_6269	1	1	1	1	1
OG1_5_6270	1	1	1	1	1
OG1_5_6271	1	1	1	1	1
OG1_5_6272	1	1	1	1	1
OG1_5_6273	1	1	1	1	1
OG1_5_6276	1	1	1	1	1
OG1_5_6277	1	1	1	1	1
OG1_5_6278	1	1	1	1	1
OG1_5_6279	1	1	1	1	1
OG1_5_6281	1	1	1	1	1
OG1_5_6283	1	1	1	1	1
OG1_5_6284	1	1	1	1	1
OG1_5_6285	1	1	1	1	1
OG1_5_6286	1	1	1	1	1
OG1_5_6288	1	1	1	1	1
OG1_5_6289	1	1	1	1	1
OG1_5_6291	1	1	1	1	1
OG1_5_6292	1	1	1	1	1
OG1_5_6293	1	1	1	1	1
OG1_5_6294	1	1	1	1	1
OG1_5_6295	1	1	1	1	1
OG1_5_6296	1	1	1	1	1
OG1_5_6297	1	1	1	1	1
OG1_5_6298	1	1	1	1	1
OG1_5_6301	1	1	1	1	1
OG1_5_6302	1	1	1	1	1
OG1_5_6303	1	1	1	1	1
OG1_5_6305	1	1	1	1	1
OG1_5_6307	1	1	1	1	1
OG1_5_6309	1	1	1	1	1
OG1_5_6310	1	1	1	1	1
OG1_5_6312	1	1	1	1	1
OG1_5_6313	1	1	1	1	1
OG1_5_6314	1	1	1	1	1
OG1_5_6316	1	1	1	1	1
OG1_5_6319	1	1	1	1	1
OG1_5_6320	1	1	1	1	1
OG1_5_6322	1	1	1	1	1
OG1_5_6323	1	1	1	1	1
OG1_5_6324	1	1	1	1	1
OG1_5_6325	1	1	1	1	1
OG1_5_6326	1	1	1	1	1
OG1_5_6327	1	1	1	1	1
OG1_5_6328	1	1	1	1	1
OG1_5_6329	1	1	1	1	1
OG1_5_6330	1	1	1	1	1
OG1_5_6333	1	1	1	1	1
OG1_5_6334	1	1	1	1	1
OG1_5_6335	1	1	1	1	1
OG1_5_6336	1	1	1	1	1
OG1_5_6337	1	1	1	1	1
OG1_5_6339	1	1	1	1	1
OG1_5_6340	1	1	1	1	1
OG1_5_6341	1	1	1	1	1
OG1_5_6342	1	1	1	1	1
OG1_5_6344	1	1	1	1	1
OG1_5_6345	1	1	1	1	1
OG1_5_6346	1	1	1	1	1
OG1_5_6347	1	1	1	1	1
OG1_5_6349	1	1	1	1	1
OG1_5_6351	1	1	1	1	1
OG1_5_6352	1	1	1	1	1
OG1_5_6353	1	1	1	1	1
OG1_5_6354	1	1	1	1	1
OG1_5_6355	1	1	1	1	1
OG1_5_6356	1	1	1	1	1
OG1_5_6357	1	1	1	1	1
OG1_5_6358	1	1	1	1	1
OG1_5_6359	1	1	1	1	1
OG1_5_6360	1	1	1	1	1
OG1_5_6361	1	1	1	1	1
OG1_5_6362	1	1	1	1	1
OG1_5_6363	1	1	1	1	1
OG1_5_6364	1	1	1	1	1
OG1_5_6366	1	1	1	1	1
OG1_5_6367	1	1	1	1	1
OG1_5_6368	1	1	1	1	1
OG1_5_6369	1	1	1	1	1
OG1_5_6370	1	1	1	1	1
OG1_5_6371	1	1	1	1	1
OG1_5_6372	1	1	1	1	1
OG1_5_6374	1	1	1	1	1
OG1_5_6375	1	1	1	1	1
OG1_5_6376	1	1	1	1	1
OG1_5_6377	1	1	1	1	1
OG1_5_6380	1	1	1	1	1
OG1_5_6381	1	1	1	1	1
OG1_5_6382	1	1	1	1	1
OG1_5_6383	1	1	1	1	1
OG1_5_6384	1	1	1	1	1
OG1_5_6385	1	1	1	1	1
OG1_5_6386	1	1	1	1	1
OG1_5_6387	1	1	1	1	1
OG1_5_6388	1	1	1	1	1
OG1_5_6389	1	1	1	1	1
OG1_5_6390	1	1	1	1	1
OG1_5_6391	1	1	1	1	1
OG1_5_6392	1	1	1	1	1
OG1_5_6395	1	1	1	1	1
OG1_5_6396	1	1	1	1	1
OG1_5_6398	1	1	1	1	1
OG1_5_6400	1	1	1	1	1
OG1_5_6401	1	1	1	1	1
OG1_5_6402	1	1	1	1	1
OG1_5_6403	1	1	1	1	1
OG1_5_6404	1	1	1	1	1
OG1_5_6405	1	1	1	1	1
OG1_5_6406	1	1	1	1	1
OG1_5_6407	1	1	1	1	1
OG1_5_6408	1	1	1	1	1
OG1_5_6409	1	1	1	1	1
OG1_5_6411	1	1	1	1	1
OG1_5_6413	1	1	1	1	1
OG1_5_6414	1	1	1	1	1
OG1_5_6418	1	1	1	1	1
OG1_5_6420	1	1	1	1	1
OG1_5_6423	1	1	1	1	1
OG1_5_6424	1	1	1	1	1
OG1_5_6425	1	1	1	1	1
OG1_5_6427	1	1	1	1	1
OG1_5_6429	1	1	1	1	1
OG1_5_6430	1	1	1	1	1
OG1_5_6431	1	1	1	1	1
OG1_5_6433	1	1	1	1	1
OG1_5_6434	1	1	1	1	1
OG1_5_6435	1	1	1	1	1
OG1_5_6436	1	1	1	1	1
OG1_5_6437	1	1	1	1	1
OG1_5_6438	1	1	1	1	1
OG1_5_6440	1	1	1	1	1
OG1_5_6441	1	1	1	1	1
OG1_5_6442	1	1	1	1	1
OG1_5_6444	1	1	1	1	1
OG1_5_6445	1	1	1	1	1
OG1_5_6449	1	1	1	1	1
OG1_5_6451	1	1	1	1	1
OG1_5_6452	1	1	1	1	1
OG1_5_6453	1	1	1	1	1
OG1_5_6454	1	1	1	1	1
OG1_5_6456	1	1	1	1	1
OG1_5_6457	1	1	1	1	1
OG1_5_6458	1	1	1	1	1
OG1_5_6459	1	1	1	1	1
OG1_5_6461	1	1	1	1	1
OG1_5_6462	1	1	1	1	1
OG1_5_6463	1	1	1	1	1
OG1_5_6464	1	1	1	1	1
OG1_5_6465	1	1	1	1	1
OG1_5_6466	1	1	1	1	1
OG1_5_6467	1	1	1	1	1
OG1_5_6468	1	1	1	1	1
OG1_5_6470	1	1	1	1	1
OG1_5_6471	1	1	1	1	1
OG1_5_6472	1	1	1	1	1
OG1_5_6474	1	1	1	1	1
OG1_5_6475	1	1	1	1	1
OG1_5_6476	1	1	1	1	1
OG1_5_6477	1	1	1	1	1
OG1_5_6478	1	1	1	1	1
OG1_5_6480	1	1	1	1	1
OG1_5_6482	1	1	1	1	1
OG1_5_6483	1	1	1	1	1
OG1_5_6484	1	1	1	1	1
OG1_5_6486	1	1	1	1	1
OG1_5_6488	1	1	1	1	1
OG1_5_6489	1	1	1	1	1
OG1_5_6491	1	1	1	1	1
OG1_5_6492	1	1	1	1	1
OG1_5_6493	1	1	1	1	1
OG1_5_6494	1	1	1	1	1
OG1_5_6495	1	1	1	1	1
OG1_5_6497	1	1	1	1	1
OG1_5_6498	1	1	1	1	1
OG1_5_6499	1	1	1	1	1
OG1_5_6500	1	1	1	1	1
OG1_5_6501	1	1	1	1	1
OG1_5_6503	1	1	1	1	1
OG1_5_6504	1	1	1	1	1
OG1_5_6505	1	1	1	1	1
OG1_5_6506	1	1	1	1	1
OG1_5_6507	1	1	1	1	1
OG1_5_6509	1	1	1	1	1
OG1_5_6510	1	1	1	1	1
OG1_5_6512	1	1	1	1	1
OG1_5_6513	1	1	1	1	1
OG1_5_6514	1	1	1	1	1
OG1_5_6515	1	1	1	1	1
OG1_5_6519	1	1	1	1	1
OG1_5_6520	1	1	1	1	1
OG1_5_6521	1	1	1	1	1
OG1_5_6523	1	1	1	1	1
OG1_5_6524	1	1	1	1	1
OG1_5_6525	1	1	1	1	1
OG1_5_6526	1	1	1	1	1
OG1_5_6529	1	1	1	1	1
OG1_5_6530	1	1	1	1	1
OG1_5_6531	1	1	1	1	1
OG1_5_6532	1	1	1	1	1
OG1_5_6533	1	1	1	1	1
OG1_5_6534	1	1	1	1	1
OG1_5_6537	1	1	1	1	1
OG1_5_6540	1	1	1	1	1
OG1_5_6541	1	1	1	1	1
OG1_5_6542	1	1	1	1	1
OG1_5_6543	1	1	1	1	1
OG1_5_6544	1	1	1	1	1
OG1_5_6545	1	1	1	1	1
OG1_5_6546	1	1	1	1	1
OG1_5_6547	1	1	1	1	1
OG1_5_6548	1	1	1	1	1
OG1_5_6549	1	1	1	1	1
OG1_5_6551	1	1	1	1	1
OG1_5_6553	1	1	1	1	1
OG1_5_6556	1	1	1	1	1
OG1_5_6557	1	1	1	1	1
OG1_5_6560	1	1	1	1	1
OG1_5_6561	1	1	1	1	1
OG1_5_6563	1	1	1	1	1
OG1_5_6564	1	1	1	1	1
OG1_5_6565	1	1	1	1	1
OG1_5_6566	1	1	1	1	1
OG1_5_6568	1	1	1	1	1
OG1_5_6570	1	1	1	1	1
OG1_5_6572	1	1	1	1	1
OG1_5_6573	1	1	1	1	1
OG1_5_6574	1	1	1	1	1
OG1_5_6575	1	1	1	1	1
OG1_5_6576	1	1	1	1	1
OG1_5_6578	1	1	1	1	1
OG1_5_6579	1	1	1	1	1
OG1_5_6580	1	1	1	1	1
OG1_5_6581	1	1	1	1	1
OG1_5_6582	1	1	1	1	1
OG1_5_6583	1	1	1	1	1
OG1_5_6584	1	1	1	1	1
OG1_5_6585	1	1	1	1	1
OG1_5_6586	1	1	1	1	1
OG1_5_6587	1	1	1	1	1
OG1_5_6588	1	1	1	1	1
OG1_5_6589	1	1	1	1	1
OG1_5_6590	1	1	1	1	1
OG1_5_6591	1	1	1	1	1
OG1_5_6592	1	1	1	1	1
OG1_5_6593	1	1	1	1	1
OG1_5_6594	1	1	1	1	1
OG1_5_6595	1	1	1	1	1
OG1_5_6596	1	1	1	1	1
OG1_5_6597	1	1	1	1	1
OG1_5_6598	1	1	1	1	1
OG1_5_6599	1	1	1	1	1
OG1_5_6600	1	1	1	1	1
OG1_5_6603	1	1	1	1	1
OG1_5_6604	1	1	1	1	1
OG1_5_6605	1	1	1	1	1
OG1_5_6606	1	1	1	1	1
OG1_5_6607	1	1	1	1	1
OG1_5_6611	1	1	1	1	1
OG1_5_6613	1	1	1	1	1
OG1_5_6614	1	1	1	1	1
OG1_5_6615	1	1	1	1	1
OG1_5_6616	1	1	1	1	1
OG1_5_6617	1	1	1	1	1
OG1_5_6618	1	1	1	1	1
OG1_5_6620	1	1	1	1	1
OG1_5_6622	1	1	1	1	1
OG1_5_6625	1	1	1	1	1
OG1_5_6627	1	1	1	1	1
OG1_5_6628	1	1	1	1	1
OG1_5_6630	1	1	1	1	1
OG1_5_6631	1	1	1	1	1
OG1_5_6632	1	1	1	1	1
OG1_5_6633	1	1	1	1	1
OG1_5_6634	1	1	1	1	1
OG1_5_6635	1	1	1	1	1
OG1_5_6636	1	1	1	1	1
OG1_5_6637	1	1	1	1	1
OG1_5_6639	1	1	1	1	1
OG1_5_6640	1	1	1	1	1
OG1_5_6642	1	1	1	1	1
OG1_5_6644	1	1	1	1	1
OG1_5_6646	1	1	1	1	1
OG1_5_6647	1	1	1	1	1
OG1_5_6650	1	1	1	1	1
OG1_5_6651	1	1	1	1	1
OG1_5_6652	1	1	1	1	1
OG1_5_6653	1	1	1	1	1
OG1_5_6655	1	1	1	1	1
OG1_5_6656	1	1	1	1	1
OG1_5_6657	1	1	1	1	1
OG1_5_6658	1	1	1	1	1
OG1_5_6660	1	1	1	1	1
OG1_5_6661	1	1	1	1	1
OG1_5_6663	1	1	1	1	1
OG1_5_6664	1	1	1	1	1
OG1_5_6665	1	1	1	1	1
OG1_5_6666	1	1	1	1	1
OG1_5_6667	1	1	1	1	1
OG1_5_6669	1	1	1	1	1
OG1_5_6670	1	1	1	1	1
OG1_5_6671	1	1	1	1	1
OG1_5_6672	1	1	1	1	1
OG1_5_6673	1	1	1	1	1
OG1_5_6674	1	1	1	1	1
OG1_5_6676	1	1	1	1	1
OG1_5_6677	1	1	1	1	1
OG1_5_6678	1	1	1	1	1
OG1_5_6679	1	1	1	1	1
OG1_5_6680	1	1	1	1	1
OG1_5_6681	1	1	1	1	1
OG1_5_6683	1	1	1	1	1
OG1_5_6684	1	1	1	1	1
OG1_5_6685	1	1	1	1	1
OG1_5_6687	1	1	1	1	1
OG1_5_6688	1	1	1	1	1
OG1_5_6689	1	1	1	1	1
OG1_5_6691	1	1	1	1	1
OG1_5_6693	1	1	1	1	1
OG1_5_6694	1	1	1	1	1
OG1_5_6695	1	1	1	1	1
OG1_5_6696	1	1	1	1	1
OG1_5_6699	1	1	1	1	1
OG1_5_6701	1	1	1	1	1
OG1_5_6702	1	1	1	1	1
OG1_5_6703	1	1	1	1	1
OG1_5_6704	1	1	1	1	1
OG1_5_6705	1	1	1	1	1
OG1_5_6706	1	1	1	1	1
OG1_5_6708	1	1	1	1	1
OG1_5_6709	1	1	1	1	1
OG1_5_6710	1	1	1	1	1
OG1_5_6711	1	1	1	1	1
OG1_5_6712	1	1	1	1	1
OG1_5_6714	1	1	1	1	1
OG1_5_6716	1	1	1	1	1
OG1_5_6717	1	1	1	1	1
OG1_5_6718	1	1	1	1	1
OG1_5_6720	1	1	1	1	1
OG1_5_6722	1	1	1	1	1
OG1_5_6723	1	1	1	1	1
OG1_5_6724	1	1	1	1	1
OG1_5_6726	1	1	1	1	1
OG1_5_6727	1	1	1	1	1
OG1_5_6729	1	1	1	1	1
OG1_5_6730	1	1	1	1	1
OG1_5_6731	1	1	1	1	1
OG1_5_6732	1	1	1	1	1
OG1_5_6733	1	1	1	1	1
OG1_5_6735	1	1	1	1	1
OG1_5_6736	1	1	1	1	1
OG1_5_6739	1	1	1	1	1
OG1_5_6740	1	1	1	1	1
OG1_5_6742	1	1	1	1	1
OG1_5_6743	1	1	1	1	1
OG1_5_6744	1	1	1	1	1
OG1_5_6745	1	1	1	1	1
OG1_5_6746	1	1	1	1	1
OG1_5_6747	1	1	1	1	1
OG1_5_6748	1	1	1	1	1
OG1_5_6749	1	1	1	1	1
OG1_5_6750	1	1	1	1	1
OG1_5_6751	1	1	1	1	1
OG1_5_6752	1	1	1	1	1
OG1_5_6753	1	1	1	1	1
OG1_5_6754	1	1	1	1	1
OG1_5_6755	1	1	1	1	1
OG1_5_6757	1	1	1	1	1
OG1_5_6758	1	1	1	1	1
OG1_5_6760	1	1	1	1	1
OG1_5_6762	1	1	1	1	1
OG1_5_6763	1	1	1	1	1
OG1_5_6764	1	1	1	1	1
OG1_5_6765	1	1	1	1	1
OG1_5_6766	1	1	1	1	1
OG1_5_6767	1	1	1	1	1
OG1_5_6768	1	1	1	1	1
OG1_5_6769	1	1	1	1	1
OG1_5_6770	1	1	1	1	1
OG1_5_6771	1	1	1	1	1
OG1_5_6772	1	1	1	1	1
OG1_5_6773	1	1	1	1	1
OG1_5_6774	1	1	1	1	1
OG1_5_6777	1	1	1	1	1
OG1_5_6778	1	1	1	1	1
OG1_5_6779	1	1	1	1	1
OG1_5_6780	1	1	1	1	1
OG1_5_6783	1	1	1	1	1
OG1_5_6784	1	1	1	1	1
OG1_5_6785	1	1	1	1	1
OG1_5_6786	1	1	1	1	1
OG1_5_6787	1	1	1	1	1
OG1_5_6789	1	1	1	1	1
OG1_5_6792	1	1	1	1	1
OG1_5_6793	1	1	1	1	1
OG1_5_6794	1	1	1	1	1
OG1_5_6795	1	1	1	1	1
OG1_5_6796	1	1	1	1	1
OG1_5_6797	1	1	1	1	1
OG1_5_6798	1	1	1	1	1
OG1_5_6799	1	1	1	1	1
OG1_5_6801	1	1	1	1	1
OG1_5_6802	1	1	1	1	1
OG1_5_6803	1	1	1	1	1
OG1_5_6804	1	1	1	1	1
OG1_5_6805	1	1	1	1	1
OG1_5_6806	1	1	1	1	1
OG1_5_6807	1	1	1	1	1
OG1_5_6809	1	1	1	1	1
OG1_5_6810	1	1	1	1	1
OG1_5_6811	1	1	1	1	1
OG1_5_6812	1	1	1	1	1
OG1_5_6813	1	1	1	1	1
OG1_5_6814	1	1	1	1	1
OG1_5_6815	1	1	1	1	1
OG1_5_6816	1	1	1	1	1
OG1_5_6817	1	1	1	1	1
OG1_5_6818	1	1	1	1	1
OG1_5_6819	1	1	1	1	1
OG1_5_6820	1	1	1	1	1
OG1_5_6821	1	1	1	1	1
OG1_5_6822	1	1	1	1	1
OG1_5_6823	1	1	1	1	1
OG1_5_6824	1	1	1	1	1
OG1_5_6828	1	1	1	1	1
OG1_5_6829	1	1	1	1	1
OG1_5_6830	1	1	1	1	1
OG1_5_6831	1	1	1	1	1
OG1_5_6832	1	1	1	1	1
OG1_5_6833	1	1	1	1	1
OG1_5_6834	1	1	1	1	1
OG1_5_6835	1	1	1	1	1
OG1_5_6836	1	1	1	1	1
OG1_5_6837	1	1	1	1	1
OG1_5_6838	1	1	1	1	1
OG1_5_6839	1	1	1	1	1
OG1_5_6840	1	1	1	1	1
OG1_5_6841	1	1	1	1	1
OG1_5_6842	1	1	1	1	1
OG1_5_6844	1	1	1	1	1
OG1_5_6845	1	1	1	1	1
OG1_5_6846	1	1	1	1	1
OG1_5_6848	1	1	1	1	1
OG1_5_6850	1	1	1	1	1
OG1_5_6851	1	1	1	1	1
OG1_5_6853	1	1	1	1	1
OG1_5_6854	1	1	1	1	1
OG1_5_6855	1	1	1	1	1
OG1_5_6856	1	1	1	1	1
OG1_5_6857	1	1	1	1	1
OG1_5_6858	1	1	1	1	1
OG1_5_6859	1	1	1	1	1
OG1_5_6860	1	1	1	1	1
OG1_5_6861	1	1	1	1	1
OG1_5_6864	1	1	1	1	1
OG1_5_6866	1	1	1	1	1
OG1_5_6868	1	1	1	1	1
OG1_5_6869	1	1	1	1	1
OG1_5_6870	1	1	1	1	1
OG1_5_6871	1	1	1	1	1
OG1_5_6872	1	1	1	1	1
OG1_5_6873	1	1	1	1	1
OG1_5_6874	1	1	1	1	1
OG1_5_6875	1	1	1	1	1
OG1_5_6877	1	1	1	1	1
OG1_5_6878	1	1	1	1	1
OG1_5_6879	1	1	1	1	1
OG1_5_6880	1	1	1	1	1
OG1_5_6881	1	1	1	1	1
OG1_5_6883	1	1	1	1	1
OG1_5_6884	1	1	1	1	1
OG1_5_6885	1	1	1	1	1
OG1_5_6886	1	1	1	1	1
OG1_5_6887	1	1	1	1	1
OG1_5_6888	1	1	1	1	1
OG1_5_6889	1	1	1	1	1
OG1_5_6890	1	1	1	1	1
OG1_5_6891	1	1	1	1	1
OG1_5_6892	1	1	1	1	1
OG1_5_6893	1	1	1	1	1
OG1_5_6894	1	1	1	1	1
OG1_5_6895	1	1	1	1	1
OG1_5_6897	1	1	1	1	1
OG1_5_6899	1	1	1	1	1
OG1_5_6901	1	1	1	1	1
OG1_5_6902	1	1	1	1	1
OG1_5_6903	1	1	1	1	1
OG1_5_6904	1	1	1	1	1
OG1_5_6905	1	1	1	1	1
OG1_5_6906	1	1	1	1	1
OG1_5_6907	1	1	1	1	1
OG1_5_6908	1	1	1	1	1
OG1_5_6910	1	1	1	1	1
OG1_5_6911	1	1	1	1	1
OG1_5_6912	1	1	1	1	1
OG1_5_6914	1	1	1	1	1
OG1_5_6915	1	1	1	1	1
OG1_5_6916	1	1	1	1	1
OG1_5_6917	1	1	1	1	1
OG1_5_6920	1	1	1	1	1
OG1_5_6921	1	1	1	1	1
OG1_5_6922	1	1	1	1	1
OG1_5_6923	1	1	1	1	1
OG1_5_6924	1	1	1	1	1
OG1_5_6925	1	1	1	1	1
OG1_5_6928	1	1	1	1	1
OG1_5_6929	1	1	1	1	1
OG1_5_6930	1	1	1	1	1
OG1_5_6931	1	1	1	1	1
OG1_5_6933	1	1	1	1	1
OG1_5_6934	1	1	1	1	1
OG1_5_6936	1	1	1	1	1
OG1_5_6937	1	1	1	1	1
OG1_5_6938	1	1	1	1	1
OG1_5_6939	1	1	1	1	1
OG1_5_6942	1	1	1	1	1
OG1_5_6944	1	1	1	1	1
OG1_5_6945	1	1	1	1	1
OG1_5_6946	1	1	1	1	1
OG1_5_6947	1	1	1	1	1
OG1_5_6948	1	1	1	1	1
OG1_5_6950	1	1	1	1	1
OG1_5_6951	1	1	1	1	1
OG1_5_6952	1	1	1	1	1
OG1_5_6953	1	1	1	1	1
OG1_5_6954	1	1	1	1	1
OG1_5_6955	1	1	1	1	1
OG1_5_6956	1	1	1	1	1
OG1_5_6959	1	1	1	1	1
OG1_5_6960	1	1	1	1	1
OG1_5_6961	1	1	1	1	1
OG1_5_6962	1	1	1	1	1
OG1_5_6964	1	1	1	1	1
OG1_5_6965	1	1	1	1	1
OG1_5_6966	1	1	1	1	1
OG1_5_6967	1	1	1	1	1
OG1_5_6968	1	1	1	1	1
OG1_5_6969	1	1	1	1	1
OG1_5_6970	1	1	1	1	1
OG1_5_6971	1	1	1	1	1
OG1_5_6972	1	1	1	1	1
OG1_5_6973	1	1	1	1	1
OG1_5_6974	1	1	1	1	1
OG1_5_6975	1	1	1	1	1
OG1_5_6976	1	1	1	1	1
OG1_5_6978	1	1	1	1	1
OG1_5_6979	1	1	1	1	1
OG1_5_6980	1	1	1	1	1
OG1_5_6981	1	1	1	1	1
OG1_5_6983	1	1	1	1	1
OG1_5_6985	1	1	1	1	1
OG1_5_6986	1	1	1	1	1
OG1_5_6987	1	1	1	1	1
OG1_5_6988	1	1	1	1	1
OG1_5_6989	1	1	1	1	1
OG1_5_6990	1	1	1	1	1
OG1_5_6991	1	1	1	1	1
OG1_5_6992	1	1	1	1	1
OG1_5_6993	1	1	1	1	1
OG1_5_6994	1	1	1	1	1
OG1_5_6995	1	1	1	1	1
OG1_5_6996	1	1	1	1	1
OG1_5_6997	1	1	1	1	1
OG1_5_6998	1	1	1	1	1
OG1_5_6999	1	1	1	1	1
OG1_5_7000	1	1	1	1	1
OG1_5_7002	1	1	1	1	1
OG1_5_7003	1	1	1	1	1
OG1_5_7005	1	1	1	1	1
OG1_5_7006	1	1	1	1	1
OG1_5_7007	1	1	1	1	1
OG1_5_7008	1	1	1	1	1
OG1_5_7012	1	1	1	1	1
OG1_5_7013	1	1	1	1	1
OG1_5_7014	1	1	1	1	1
OG1_5_7015	1	1	1	1	1
OG1_5_7016	1	1	1	1	1
OG1_5_7018	1	1	1	1	1
OG1_5_7019	1	1	1	1	1
OG1_5_7020	1	1	1	1	1
OG1_5_7021	1	1	1	1	1
OG1_5_7022	1	1	1	1	1
OG1_5_7023	1	1	1	1	1
OG1_5_7024	1	1	1	1	1
OG1_5_7025	1	1	1	1	1
OG1_5_7026	1	1	1	1	1
OG1_5_7027	1	1	1	1	1
OG1_5_7028	1	1	1	1	1
OG1_5_7029	1	1	1	1	1
OG1_5_7030	1	1	1	1	1
OG1_5_7031	1	1	1	1	1
OG1_5_7032	1	1	1	1	1
OG1_5_7033	1	1	1	1	1
OG1_5_7034	1	1	1	1	1
OG1_5_7035	1	1	1	1	1
OG1_5_7036	1	1	1	1	1
OG1_5_7037	1	1	1	1	1
OG1_5_7038	1	1	1	1	1
OG1_5_7041	1	1	1	1	1
OG1_5_7042	1	1	1	1	1
OG1_5_7043	1	1	1	1	1
OG1_5_7044	1	1	1	1	1
OG1_5_7045	1	1	1	1	1
OG1_5_7047	1	1	1	1	1
OG1_5_7048	1	1	1	1	1
OG1_5_7049	1	1	1	1	1
OG1_5_7050	1	1	1	1	1
OG1_5_7051	1	1	1	1	1
OG1_5_7052	1	1	1	1	1
OG1_5_7053	1	1	1	1	1
OG1_5_7056	1	1	1	1	1
OG1_5_7057	1	1	1	1	1
OG1_5_7058	1	1	1	1	1
OG1_5_7060	1	1	1	1	1
OG1_5_7061	1	1	1	1	1
OG1_5_7062	1	1	1	1	1
OG1_5_7063	1	1	1	1	1
OG1_5_7065	1	1	1	1	1
OG1_5_7066	1	1	1	1	1
OG1_5_7068	1	1	1	1	1
OG1_5_7069	1	1	1	1	1
OG1_5_7070	1	1	1	1	1
OG1_5_7071	1	1	1	1	1
OG1_5_7072	1	1	1	1	1
OG1_5_7073	1	1	1	1	1
OG1_5_7074	1	1	1	1	1
OG1_5_7076	1	1	1	1	1
OG1_5_7077	1	1	1	1	1
OG1_5_7078	1	1	1	1	1
OG1_5_7079	1	1	1	1	1
OG1_5_7081	1	1	1	1	1
OG1_5_7082	1	1	1	1	1
OG1_5_7084	1	1	1	1	1
OG1_5_7086	1	1	1	1	1
OG1_5_7088	1	1	1	1	1
OG1_5_7089	1	1	1	1	1
OG1_5_7090	1	1	1	1	1
OG1_5_7091	1	1	1	1	1
OG1_5_7092	1	1	1	1	1
OG1_5_7093	1	1	1	1	1
OG1_5_7094	1	1	1	1	1
OG1_5_7095	1	1	1	1	1
OG1_5_7096	1	1	1	1	1
OG1_5_7097	1	1	1	1	1
OG1_5_7098	1	1	1	1	1
OG1_5_7099	1	1	1	1	1
OG1_5_7100	1	1	1	1	1
OG1_5_7101	1	1	1	1	1
OG1_5_7102	1	1	1	1	1
OG1_5_7103	1	1	1	1	1
OG1_5_7104	1	1	1	1	1
OG1_5_7105	1	1	1	1	1
OG1_5_7107	1	1	1	1	1
OG1_5_7109	1	1	1	1	1
OG1_5_7110	1	1	1	1	1
OG1_5_7111	1	1	1	1	1
OG1_5_7112	1	1	1	1	1
OG1_5_7113	1	1	1	1	1
OG1_5_7114	1	1	1	1	1
OG1_5_7115	1	1	1	1	1
OG1_5_7116	1	1	1	1	1
OG1_5_7117	1	1	1	1	1
OG1_5_7118	1	1	1	1	1
OG1_5_7119	1	1	1	1	1
OG1_5_7120	1	1	1	1	1
OG1_5_7121	1	1	1	1	1
OG1_5_7122	1	1	1	1	1
OG1_5_7123	1	1	1	1	1
OG1_5_7124	1	1	1	1	1
OG1_5_7125	1	1	1	1	1
OG1_5_7126	1	1	1	1	1
OG1_5_7127	1	1	1	1	1
OG1_5_7129	1	1	1	1	1
OG1_5_7131	1	1	1	1	1
OG1_5_7133	1	1	1	1	1
OG1_5_7134	1	1	1	1	1
OG1_5_7135	1	1	1	1	1
OG1_5_7136	1	1	1	1	1
OG1_5_7137	1	1	1	1	1
OG1_5_7138	1	1	1	1	1
OG1_5_7139	1	1	1	1	1
OG1_5_7140	1	1	1	1	1
OG1_5_7141	1	1	1	1	1
OG1_5_7142	1	1	1	1	1
OG1_5_7144	1	1	1	1	1
OG1_5_7145	1	1	1	1	1
OG1_5_7146	1	1	1	1	1
OG1_5_7147	1	1	1	1	1
OG1_5_7148	1	1	1	1	1
OG1_5_7149	1	1	1	1	1
OG1_5_7150	1	1	1	1	1
OG1_5_7152	1	1	1	1	1
OG1_5_7153	1	1	1	1	1
OG1_5_7154	1	1	1	1	1
OG1_5_7155	1	1	1	1	1
OG1_5_7156	1	1	1	1	1
OG1_5_7157	1	1	1	1	1
OG1_5_7158	1	1	1	1	1
OG1_5_7159	1	1	1	1	1
OG1_5_7160	1	1	1	1	1
OG1_5_7161	1	1	1	1	1
OG1_5_7162	1	1	1	1	1
OG1_5_7163	1	1	1	1	1
OG1_5_7164	1	1	1	1	1
OG1_5_7165	1	1	1	1	1
OG1_5_7166	1	1	1	1	1
OG1_5_7167	1	1	1	1	1
OG1_5_7168	1	1	1	1	1
OG1_5_7169	1	1	1	1	1
OG1_5_7170	1	1	1	1	1
OG1_5_7171	1	1	1	1	1
OG1_5_7172	1	1	1	1	1
OG1_5_7173	1	1	1	1	1
OG1_5_7176	1	1	1	1	1
OG1_5_7177	1	1	1	1	1
OG1_5_7178	1	1	1	1	1
OG1_5_7179	1	1	1	1	1
OG1_5_7180	1	1	1	1	1
OG1_5_7181	1	1	1	1	1
OG1_5_7182	1	1	1	1	1
OG1_5_7183	1	1	1	1	1
OG1_5_7184	1	1	1	1	1
OG1_5_7185	1	1	1	1	1
OG1_5_7186	1	1	1	1	1
OG1_5_7187	1	1	1	1	1
OG1_5_7188	1	1	1	1	1
OG1_5_7189	1	1	1	1	1
OG1_5_7190	1	1	1	1	1
OG1_5_7191	1	1	1	1	1
OG1_5_7192	1	1	1	1	1
OG1_5_7194	1	1	1	1	1
OG1_5_7195	1	1	1	1	1
OG1_5_7196	1	1	1	1	1
OG1_5_7197	1	1	1	1	1
OG1_5_7198	1	1	1	1	1
OG1_5_7199	1	1	1	1	1
OG1_5_7200	1	1	1	1	1
OG1_5_7201	1	1	1	1	1
OG1_5_7202	1	1	1	1	1
OG1_5_7206	1	1	1	1	1
OG1_5_7207	1	1	1	1	1
OG1_5_7208	1	1	1	1	1
OG1_5_7209	1	1	1	1	1
OG1_5_7212	1	1	1	1	1
OG1_5_7213	1	1	1	1	1
OG1_5_7214	1	1	1	1	1
OG1_5_7215	1	1	1	1	1
OG1_5_7216	1	1	1	1	1
OG1_5_7217	1	1	1	1	1
OG1_5_7219	1	1	1	1	1
OG1_5_7220	1	1	1	1	1
OG1_5_7221	1	1	1	1	1
OG1_5_7223	1	1	1	1	1
OG1_5_7224	1	1	1	1	1
OG1_5_7225	1	1	1	1	1
OG1_5_7226	1	1	1	1	1
OG1_5_7227	1	1	1	1	1
OG1_5_7229	1	1	1	1	1
OG1_5_7230	1	1	1	1	1
OG1_5_7231	1	1	1	1	1
OG1_5_7232	1	1	1	1	1
OG1_5_7233	1	1	1	1	1
OG1_5_7234	1	1	1	1	1
OG1_5_7235	1	1	1	1	1
OG1_5_7236	1	1	1	1	1
OG1_5_7237	1	1	1	1	1
OG1_5_7238	1	1	1	1	1
OG1_5_7239	1	1	1	1	1
OG1_5_7240	1	1	1	1	1
OG1_5_7241	1	1	1	1	1
OG1_5_7242	1	1	1	1	1
OG1_5_7243	1	1	1	1	1
OG1_5_7244	1	1	1	1	1
OG1_5_7245	1	1	1	1	1
OG1_5_7246	1	1	1	1	1
OG1_5_7247	1	1	1	1	1
OG1_5_7248	1	1	1	1	1
OG1_5_7249	1	1	1	1	1
OG1_5_7250	1	1	1	1	1
OG1_5_7251	1	1	1	1	1
OG1_5_7252	1	1	1	1	1
OG1_5_7253	1	1	1	1	1
OG1_5_7254	1	1	1	1	1
OG1_5_7255	1	1	1	1	1
OG1_5_7256	1	1	1	1	1
OG1_5_7257	1	1	1	1	1
OG1_5_7258	1	1	1	1	1
OG1_5_7259	1	1	1	1	1
OG1_5_7260	1	1	1	1	1
OG1_5_7261	1	1	1	1	1
OG1_5_7263	1	1	1	1	1
OG1_5_7264	1	1	1	1	1
OG1_5_7265	1	1	1	1	1
OG1_5_7266	1	1	1	1	1
OG1_5_7267	1	1	1	1	1
OG1_5_7269	1	1	1	1	1
OG1_5_7270	1	1	1	1	1
OG1_5_7273	1	1	1	1	1
OG1_5_7274	1	1	1	1	1
OG1_5_7275	1	1	1	1	1
OG1_5_7279	1	1	1	1	1
OG1_5_7280	1	1	1	1	1
OG1_5_7281	1	1	1	1	1
OG1_5_7283	1	1	1	1	1
OG1_5_7284	1	1	1	1	1
OG1_5_7285	1	1	1	1	1
OG1_5_7286	1	1	1	1	1
OG1_5_7288	1	1	1	1	1
OG1_5_7289	1	1	1	1	1
OG1_5_7290	1	1	1	1	1
OG1_5_7291	1	1	1	1	1
OG1_5_7292	1	1	1	1	1
OG1_5_7293	1	1	1	1	1
OG1_5_7294	1	1	1	1	1
OG1_5_7295	1	1	1	1	1
OG1_5_7296	1	1	1	1	1
OG1_5_7297	1	1	1	1	1
OG1_5_7298	1	1	1	1	1
OG1_5_7300	1	1	1	1	1
OG1_5_7301	1	1	1	1	1
OG1_5_7302	1	1	1	1	1
OG1_5_7303	1	1	1	1	1
OG1_5_7305	1	1	1	1	1
OG1_5_7306	1	1	1	1	1
OG1_5_7307	1	1	1	1	1
OG1_5_7308	1	1	1	1	1
OG1_5_7309	1	1	1	1	1
OG1_5_7310	1	1	1	1	1
OG1_5_7311	1	1	1	1	1
OG1_5_7312	1	1	1	1	1
OG1_5_7313	1	1	1	1	1
OG1_5_7314	1	1	1	1	1
OG1_5_7315	1	1	1	1	1
OG1_5_7316	1	1	1	1	1
OG1_5_7317	1	1	1	1	1
OG1_5_7318	1	1	1	1	1
OG1_5_7319	1	1	1	1	1
OG1_5_7320	1	1	1	1	1
OG1_5_7322	1	1	1	1	1
OG1_5_7323	1	1	1	1	1
OG1_5_7324	1	1	1	1	1
OG1_5_7325	1	1	1	1	1
OG1_5_7326	1	1	1	1	1
OG1_5_7327	1	1	1	1	1
OG1_5_7328	1	1	1	1	1
OG1_5_7329	1	1	1	1	1
OG1_5_7330	1	1	1	1	1
OG1_5_7331	1	1	1	1	1
OG1_5_7332	1	1	1	1	1
OG1_5_7333	1	1	1	1	1
OG1_5_7334	1	1	1	1	1
OG1_5_7335	1	1	1	1	1
OG1_5_7337	1	1	1	1	1
OG1_5_7339	1	1	1	1	1
OG1_5_7340	1	1	1	1	1
OG1_5_7341	1	1	1	1	1
OG1_5_7342	1	1	1	1	1
OG1_5_7343	1	1	1	1	1
OG1_5_7345	1	1	1	1	1
OG1_5_7346	1	1	1	1	1
OG1_5_7347	1	1	1	1	1
OG1_5_7348	1	1	1	1	1
OG1_5_7350	1	1	1	1	1
OG1_5_7351	1	1	1	1	1
OG1_5_7352	1	1	1	1	1
OG1_5_7353	1	1	1	1	1
OG1_5_7354	1	1	1	1	1
OG1_5_7355	1	1	1	1	1
OG1_5_7356	1	1	1	1	1
OG1_5_7357	1	1	1	1	1
OG1_5_7358	1	1	1	1	1
OG1_5_7359	1	1	1	1	1
OG1_5_7360	1	1	1	1	1
OG1_5_7361	1	1	1	1	1
OG1_5_7362	1	1	1	1	1
OG1_5_7363	1	1	1	1	1
OG1_5_7364	1	1	1	1	1
OG1_5_7366	1	1	1	1	1
OG1_5_7367	1	1	1	1	1
OG1_5_7369	1	1	1	1	1
OG1_5_7370	1	1	1	1	1
OG1_5_7371	1	1	1	1	1
OG1_5_7372	1	1	1	1	1
OG1_5_7373	1	1	1	1	1
OG1_5_7374	1	1	1	1	1
OG1_5_7375	1	1	1	1	1
OG1_5_7376	1	1	1	1	1
OG1_5_7377	1	1	1	1	1
OG1_5_7378	1	1	1	1	1
OG1_5_7380	1	1	1	1	1
OG1_5_7381	1	1	1	1	1
OG1_5_7382	1	1	1	1	1
OG1_5_7385	1	1	1	1	1
OG1_5_7386	1	1	1	1	1
OG1_5_7387	1	1	1	1	1
OG1_5_7388	1	1	1	1	1
OG1_5_7389	1	1	1	1	1
OG1_5_7390	1	1	1	1	1
OG1_5_7391	1	1	1	1	1
OG1_5_7392	1	1	1	1	1
OG1_5_7393	1	1	1	1	1
OG1_5_7394	1	1	1	1	1
OG1_5_7395	1	1	1	1	1
OG1_5_7396	1	1	1	1	1
OG1_5_7397	1	1	1	1	1
OG1_5_7398	1	1	1	1	1
OG1_5_7399	1	1	1	1	1
OG1_5_7400	1	1	1	1	1
OG1_5_7401	1	1	1	1	1
OG1_5_7402	1	1	1	1	1
OG1_5_7403	1	1	1	1	1
OG1_5_7404	1	1	1	1	1
OG1_5_7405	1	1	1	1	1
OG1_5_7406	1	1	1	1	1
OG1_5_7407	1	1	1	1	1
OG1_5_7408	1	1	1	1	1
OG1_5_7409	1	1	1	1	1
OG1_5_7410	1	1	1	1	1
OG1_5_7411	1	1	1	1	1
OG1_5_7413	1	1	1	1	1
OG1_5_7414	1	1	1	1	1
OG1_5_7415	1	1	1	1	1
OG1_5_7416	1	1	1	1	1
OG1_5_7417	1	1	1	1	1
OG1_5_7418	1	1	1	1	1
OG1_5_7419	1	1	1	1	1
OG1_5_7420	1	1	1	1	1
OG1_5_7421	1	1	1	1	1
OG1_5_7422	1	1	1	1	1
OG1_5_7425	1	1	1	1	1
OG1_5_7426	1	1	1	1	1
OG1_5_7427	1	1	1	1	1
OG1_5_7428	1	1	1	1	1
OG1_5_7429	1	1	1	1	1
OG1_5_7430	1	1	1	1	1
OG1_5_7432	1	1	1	1	1
OG1_5_7433	1	1	1	1	1
OG1_5_7434	1	1	1	1	1
OG1_5_7435	1	1	1	1	1
OG1_5_7436	1	1	1	1	1
OG1_5_7437	1	1	1	1	1
OG1_5_7438	1	1	1	1	1
OG1_5_7440	1	1	1	1	1
OG1_5_7441	1	1	1	1	1
OG1_5_7442	1	1	1	1	1
OG1_5_7443	1	1	1	1	1
OG1_5_7444	1	1	1	1	1
OG1_5_7445	1	1	1	1	1
OG1_5_7446	1	1	1	1	1
OG1_5_7447	1	1	1	1	1
OG1_5_7448	1	1	1	1	1
OG1_5_7449	1	1	1	1	1
OG1_5_7450	1	1	1	1	1
OG1_5_7451	1	1	1	1	1
OG1_5_7452	1	1	1	1	1
OG1_5_7454	1	1	1	1	1
OG1_5_7455	1	1	1	1	1
OG1_5_7457	1	1	1	1	1
OG1_5_7458	1	1	1	1	1
OG1_5_7459	1	1	1	1	1
OG1_5_7460	1	1	1	1	1
OG1_5_7461	1	1	1	1	1
OG1_5_7463	1	1	1	1	1
OG1_5_7464	1	1	1	1	1
OG1_5_7465	1	1	1	1	1
OG1_5_7468	1	1	1	1	1
OG1_5_7469	1	1	1	1	1
OG1_5_7471	1	1	1	1	1
OG1_5_7472	1	1	1	1	1
OG1_5_7473	1	1	1	1	1
OG1_5_7475	1	1	1	1	1
OG1_5_7476	1	1	1	1	1
OG1_5_7478	1	1	1	1	1
OG1_5_7480	1	1	1	1	1
OG1_5_7481	1	1	1	1	1
OG1_5_7482	1	1	1	1	1
OG1_5_7483	1	1	1	1	1
OG1_5_7485	1	1	1	1	1
OG1_5_7486	1	1	1	1	1
OG1_5_7487	1	1	1	1	1
OG1_5_7489	1	1	1	1	1
OG1_5_7491	1	1	1	1	1
OG1_5_7492	1	1	1	1	1
OG1_5_7493	1	1	1	1	1
OG1_5_7495	1	1	1	1	1
OG1_5_7496	1	1	1	1	1
OG1_5_7497	1	1	1	1	1
OG1_5_7498	1	1	1	1	1
OG1_5_7499	1	1	1	1	1
OG1_5_7500	1	1	1	1	1
OG1_5_7501	1	1	1	1	1
OG1_5_7502	1	1	1	1	1
OG1_5_7503	1	1	1	1	1
OG1_5_7504	1	1	1	1	1
OG1_5_7505	1	1	1	1	1
OG1_5_7507	1	1	1	1	1
OG1_5_7508	1	1	1	1	1
OG1_5_7509	1	1	1	1	1
OG1_5_7510	1	1	1	1	1
OG1_5_7511	1	1	1	1	1
OG1_5_7512	1	1	1	1	1
OG1_5_7513	1	1	1	1	1
OG1_5_7515	1	1	1	1	1
OG1_5_7516	1	1	1	1	1
OG1_5_7517	1	1	1	1	1
OG1_5_7518	1	1	1	1	1
OG1_5_7519	1	1	1	1	1
OG1_5_7520	1	1	1	1	1
OG1_5_7521	1	1	1	1	1
OG1_5_7522	1	1	1	1	1
OG1_5_7523	1	1	1	1	1
OG1_5_7524	1	1	1	1	1
OG1_5_7525	1	1	1	1	1
OG1_5_7526	1	1	1	1	1
OG1_5_7527	1	1	1	1	1
OG1_5_7528	1	1	1	1	1
OG1_5_7529	1	1	1	1	1
OG1_5_7530	1	1	1	1	1
OG1_5_7531	1	1	1	1	1
OG1_5_7532	1	1	1	1	1
OG1_5_7535	1	1	1	1	1
OG1_5_7536	1	1	1	1	1
OG1_5_7537	1	1	1	1	1
OG1_5_7538	1	1	1	1	1
OG1_5_7539	1	1	1	1	1
OG1_5_7540	1	1	1	1	1
OG1_5_7541	1	1	1	1	1
OG1_5_7542	1	1	1	1	1
OG1_5_7543	1	1	1	1	1
OG1_5_7544	1	1	1	1	1
OG1_5_7545	1	1	1	1	1
OG1_5_7547	1	1	1	1	1
OG1_5_7548	1	1	1	1	1
OG1_5_7549	1	1	1	1	1
OG1_5_7550	1	1	1	1	1
OG1_5_7551	1	1	1	1	1
OG1_5_7552	1	1	1	1	1
OG1_5_7553	1	1	1	1	1
OG1_5_7554	1	1	1	1	1
OG1_5_7555	1	1	1	1	1
OG1_5_7556	1	1	1	1	1
OG1_5_7558	1	1	1	1	1
OG1_5_7559	1	1	1	1	1
OG1_5_7560	1	1	1	1	1
OG1_5_7561	1	1	1	1	1
OG1_5_7565	1	1	1	1	1
OG1_5_7568	1	1	1	1	1
OG1_5_7569	1	1	1	1	1
OG1_5_7570	1	1	1	1	1
OG1_5_7571	1	1	1	1	1
OG1_5_7572	1	1	1	1	1
OG1_5_7573	1	1	1	1	1
OG1_5_7574	1	1	1	1	1
OG1_5_7575	1	1	1	1	1
OG1_5_7577	1	1	1	1	1
OG1_5_7578	1	1	1	1	1
OG1_5_7579	1	1	1	1	1
OG1_5_7580	1	1	1	1	1
OG1_5_7584	1	1	1	1	1
OG1_5_7585	1	1	1	1	1
OG1_5_7586	1	1	1	1	1
OG1_5_7587	1	1	1	1	1
OG1_5_7588	1	1	1	1	1
OG1_5_7589	1	1	1	1	1
OG1_5_7590	1	1	1	1	1
OG1_5_7591	1	1	1	1	1
OG1_5_7592	1	1	1	1	1
OG1_5_7594	1	1	1	1	1
OG1_5_7595	1	1	1	1	1
OG1_5_7596	1	1	1	1	1
OG1_5_7597	1	1	1	1	1
OG1_5_7598	1	1	1	1	1
OG1_5_7599	1	1	1	1	1
OG1_5_7600	1	1	1	1	1
OG1_5_7602	1	1	1	1	1
OG1_5_7603	1	1	1	1	1
OG1_5_7605	1	1	1	1	1
OG1_5_7606	1	1	1	1	1
OG1_5_7607	1	1	1	1	1
OG1_5_7608	1	1	1	1	1
OG1_5_7609	1	1	1	1	1
OG1_5_7610	1	1	1	1	1
OG1_5_7612	1	1	1	1	1
OG1_5_7613	1	1	1	1	1
OG1_5_7614	1	1	1	1	1
OG1_5_7615	1	1	1	1	1
OG1_5_7616	1	1	1	1	1
OG1_5_7617	1	1	1	1	1
OG1_5_7618	1	1	1	1	1
OG1_5_7619	1	1	1	1	1
OG1_5_7620	1	1	1	1	1
OG1_5_7621	1	1	1	1	1
OG1_5_7622	1	1	1	1	1
OG1_5_7623	1	1	1	1	1
OG1_5_7624	1	1	1	1	1
OG1_5_7625	1	1	1	1	1
OG1_5_7626	1	1	1	1	1
OG1_5_7627	1	1	1	1	1
OG1_5_7628	1	1	1	1	1
OG1_5_7629	1	1	1	1	1
OG1_5_7630	1	1	1	1	1
OG1_5_7631	1	1	1	1	1
OG1_5_7632	1	1	1	1	1
OG1_5_7636	1	1	1	1	1
OG1_5_7637	1	1	1	1	1
OG1_5_7638	1	1	1	1	1
OG1_5_7639	1	1	1	1	1
OG1_5_7640	1	1	1	1	1
OG1_5_7641	1	1	1	1	1
OG1_5_7642	1	1	1	1	1
OG1_5_7643	1	1	1	1	1
OG1_5_7644	1	1	1	1	1
OG1_5_7646	1	1	1	1	1
OG1_5_7647	1	1	1	1	1
OG1_5_7648	1	1	1	1	1
OG1_5_7652	1	1	1	1	1
OG1_5_7653	1	1	1	1	1
OG1_5_7654	1	1	1	1	1
OG1_5_7655	1	1	1	1	1
OG1_5_7656	1	1	1	1	1
OG1_5_7657	1	1	1	1	1
OG1_5_7658	1	1	1	1	1
OG1_5_7659	1	1	1	1	1
OG1_5_7660	1	1	1	1	1
OG1_5_7661	1	1	1	1	1
OG1_5_7662	1	1	1	1	1
OG1_5_7663	1	1	1	1	1
OG1_5_7664	1	1	1	1	1
OG1_5_7665	1	1	1	1	1
OG1_5_7666	1	1	1	1	1
OG1_5_7667	1	1	1	1	1
OG1_5_7668	1	1	1	1	1
OG1_5_7669	1	1	1	1	1
OG1_5_7670	1	1	1	1	1
OG1_5_7671	1	1	1	1	1
OG1_5_7672	1	1	1	1	1
OG1_5_7673	1	1	1	1	1
OG1_5_7674	1	1	1	1	1
OG1_5_7675	1	1	1	1	1
OG1_5_7676	1	1	1	1	1
OG1_5_7677	1	1	1	1	1
OG1_5_7678	1	1	1	1	1
OG1_5_7679	1	1	1	1	1
OG1_5_7680	1	1	1	1	1
OG1_5_7681	1	1	1	1	1
OG1_5_7683	1	1	1	1	1
OG1_5_7684	1	1	1	1	1
OG1_5_7685	1	1	1	1	1
OG1_5_7686	1	1	1	1	1
OG1_5_7687	1	1	1	1	1
OG1_5_7688	1	1	1	1	1
OG1_5_7689	1	1	1	1	1
OG1_5_7690	1	1	1	1	1
OG1_5_7691	1	1	1	1	1
OG1_5_7692	1	1	1	1	1
OG1_5_7693	1	1	1	1	1
OG1_5_7694	1	1	1	1	1
OG1_5_7695	1	1	1	1	1
OG1_5_7696	1	1	1	1	1
OG1_5_7697	1	1	1	1	1
OG1_5_7698	1	1	1	1	1
OG1_5_7699	1	1	1	1	1
OG1_5_7700	1	1	1	1	1
OG1_5_7701	1	1	1	1	1
OG1_5_7702	1	1	1	1	1
OG1_5_7703	1	1	1	1	1
OG1_5_7704	1	1	1	1	1
OG1_5_7705	1	1	1	1	1
OG1_5_7706	1	1	1	1	1
OG1_5_7708	1	1	1	1	1
OG1_5_7710	1	1	1	1	1
OG1_5_7711	1	1	1	1	1
OG1_5_7712	1	1	1	1	1
OG1_5_7713	1	1	1	1	1
OG1_5_7714	1	1	1	1	1
OG1_5_7715	1	1	1	1	1
OG1_5_7717	1	1	1	1	1
OG1_5_7718	1	1	1	1	1
OG1_5_7719	1	1	1	1	1
OG1_5_7720	1	1	1	1	1
OG1_5_7721	1	1	1	1	1
OG1_5_7722	1	1	1	1	1
OG1_5_7723	1	1	1	1	1
OG1_5_7725	1	1	1	1	1
OG1_5_7726	1	1	1	1	1
OG1_5_7727	1	1	1	1	1
OG1_5_7728	1	1	1	1	1
OG1_5_7729	1	1	1	1	1
OG1_5_7731	1	1	1	1	1
OG1_5_7732	1	1	1	1	1
OG1_5_7733	1	1	1	1	1
OG1_5_7734	1	1	1	1	1
OG1_5_7735	1	1	1	1	1
OG1_5_7737	1	1	1	1	1
OG1_5_7738	1	1	1	1	1
OG1_5_7741	1	1	1	1	1
OG1_5_7742	1	1	1	1	1
OG1_5_7743	1	1	1	1	1
OG1_5_7744	1	1	1	1	1
OG1_5_7745	1	1	1	1	1
OG1_5_7746	1	1	1	1	1
OG1_5_7747	1	1	1	1	1
OG1_5_7748	1	1	1	1	1
OG1_5_7749	1	1	1	1	1
OG1_5_7750	1	1	1	1	1
OG1_5_7751	1	1	1	1	1
OG1_5_7752	1	1	1	1	1
OG1_5_7753	1	1	1	1	1
OG1_5_7754	1	1	1	1	1
OG1_5_7755	1	1	1	1	1
OG1_5_7756	1	1	1	1	1
OG1_5_7757	1	1	1	1	1
OG1_5_7758	1	1	1	1	1
OG1_5_7759	1	1	1	1	1
OG1_5_7760	1	1	1	1	1
OG1_5_7762	1	1	1	1	1
OG1_5_7763	1	1	1	1	1
OG1_5_7764	1	1	1	1	1
OG1_5_7765	1	1	1	1	1
OG1_5_7767	1	1	1	1	1
OG1_5_7768	1	1	1	1	1
OG1_5_7769	1	1	1	1	1
OG1_5_7770	1	1	1	1	1
OG1_5_7772	1	1	1	1	1
OG1_5_7773	1	1	1	1	1
OG1_5_7774	1	1	1	1	1
OG1_5_7775	1	1	1	1	1
OG1_5_7776	1	1	1	1	1
OG1_5_7777	1	1	1	1	1
OG1_5_7778	1	1	1	1	1
OG1_5_7780	1	1	1	1	1
OG1_5_7781	1	1	1	1	1
OG1_5_7782	1	1	1	1	1
OG1_5_7783	1	1	1	1	1
OG1_5_7784	1	1	1	1	1
OG1_5_7785	1	1	1	1	1
OG1_5_7786	1	1	1	1	1
OG1_5_7787	1	1	1	1	1
OG1_5_7788	1	1	1	1	1
OG1_5_7789	1	1	1	1	1
OG1_5_7790	1	1	1	1	1
OG1_5_7791	1	1	1	1	1
OG1_5_7792	1	1	1	1	1
OG1_5_7793	1	1	1	1	1
OG1_5_7794	1	1	1	1	1
OG1_5_7795	1	1	1	1	1
OG1_5_7796	1	1	1	1	1
OG1_5_7797	1	1	1	1	1
OG1_5_7798	1	1	1	1	1
OG1_5_7799	1	1	1	1	1
OG1_5_7800	1	1	1	1	1
OG1_5_7801	1	1	1	1	1
OG1_5_7802	1	1	1	1	1
OG1_5_7803	1	1	1	1	1
OG1_5_7804	1	1	1	1	1
OG1_5_7805	1	1	1	1	1
OG1_5_7806	1	1	1	1	1
OG1_5_7807	1	1	1	1	1
OG1_5_7808	1	1	1	1	1
OG1_5_7810	1	1	1	1	1
OG1_5_7811	1	1	1	1	1
OG1_5_7814	1	1	1	1	1
OG1_5_7815	1	1	1	1	1
OG1_5_7816	1	1	1	1	1
OG1_5_7819	1	1	1	1	1
OG1_5_7820	1	1	1	1	1
OG1_5_7821	1	1	1	1	1
OG1_5_7822	1	1	1	1	1
OG1_5_7824	1	1	1	1	1
OG1_5_7826	1	1	1	1	1
OG1_5_7828	1	1	1	1	1
OG1_5_7829	1	1	1	1	1
OG1_5_7832	1	1	1	1	1
OG1_5_7833	1	1	1	1	1
OG1_5_7834	1	1	1	1	1
OG1_5_7835	1	1	1	1	1
OG1_5_7836	1	1	1	1	1
OG1_5_7837	1	1	1	1	1
OG1_5_7838	1	1	1	1	1
OG1_5_7839	1	1	1	1	1
OG1_5_7840	1	1	1	1	1
OG1_5_7841	1	1	1	1	1
OG1_5_7842	1	1	1	1	1
OG1_5_7843	1	1	1	1	1
OG1_5_7844	1	1	1	1	1
OG1_5_7845	1	1	1	1	1
OG1_5_7846	1	1	1	1	1
OG1_5_7847	1	1	1	1	1
OG1_5_7848	1	1	1	1	1
OG1_5_7850	1	1	1	1	1
OG1_5_7851	1	1	1	1	1
OG1_5_7852	1	1	1	1	1
OG1_5_7853	1	1	1	1	1
OG1_5_7854	1	1	1	1	1
OG1_5_7855	1	1	1	1	1
OG1_5_7856	1	1	1	1	1
OG1_5_7857	1	1	1	1	1
OG1_5_7858	1	1	1	1	1
OG1_5_7859	1	1	1	1	1
OG1_5_7860	1	1	1	1	1
OG1_5_7861	1	1	1	1	1
OG1_5_7862	1	1	1	1	1
OG1_5_7863	1	1	1	1	1
OG1_5_7864	1	1	1	1	1
OG1_5_7865	1	1	1	1	1
OG1_5_7866	1	1	1	1	1
OG1_5_7867	1	1	1	1	1
OG1_5_7868	1	1	1	1	1
OG1_5_7869	1	1	1	1	1
OG1_5_7870	1	1	1	1	1
OG1_5_7871	1	1	1	1	1
OG1_5_7872	1	1	1	1	1
OG1_5_7873	1	1	1	1	1
OG1_5_7874	1	1	1	1	1
OG1_5_7875	1	1	1	1	1
OG1_5_7876	1	1	1	1	1
OG1_5_7877	1	1	1	1	1
OG1_5_7878	1	1	1	1	1
OG1_5_7879	1	1	1	1	1
OG1_5_7880	1	1	1	1	1
OG1_5_7881	1	1	1	1	1
OG1_5_7882	1	1	1	1	1
OG1_5_7883	1	1	1	1	1
OG1_5_7884	1	1	1	1	1
OG1_5_7886	1	1	1	1	1
OG1_5_7887	1	1	1	1	1
OG1_5_7888	1	1	1	1	1
OG1_5_7889	1	1	1	1	1
OG1_5_7890	1	1	1	1	1
OG1_5_7891	1	1	1	1	1
OG1_5_7892	1	1	1	1	1
OG1_5_7893	1	1	1	1	1
OG1_5_7895	1	1	1	1	1
OG1_5_7896	1	1	1	1	1
OG1_5_7897	1	1	1	1	1
OG1_5_7898	1	1	1	1	1
OG1_5_7899	1	1	1	1	1
OG1_5_7900	1	1	1	1	1
OG1_5_7903	1	1	1	1	1
OG1_5_7904	1	1	1	1	1
OG1_5_7905	1	1	1	1	1
OG1_5_7907	1	1	1	1	1
OG1_5_7908	1	1	1	1	1
OG1_5_7909	1	1	1	1	1
OG1_5_7910	1	1	1	1	1
OG1_5_7911	1	1	1	1	1
OG1_5_7912	1	1	1	1	1
OG1_5_7913	1	1	1	1	1
OG1_5_7916	1	1	1	1	1
OG1_5_7918	1	1	1	1	1
OG1_5_7919	1	1	1	1	1
OG1_5_7920	1	1	1	1	1
OG1_5_7923	1	1	1	1	1
OG1_5_7924	1	1	1	1	1
OG1_5_7925	1	1	1	1	1
OG1_5_7926	1	1	1	1	1
OG1_5_7927	1	1	1	1	1
OG1_5_7928	1	1	1	1	1
OG1_5_7929	1	1	1	1	1
OG1_5_7930	1	1	1	1	1
OG1_5_7931	1	1	1	1	1
OG1_5_7932	1	1	1	1	1
OG1_5_7933	1	1	1	1	1
OG1_5_7934	1	1	1	1	1
OG1_5_7935	1	1	1	1	1
OG1_5_7936	1	1	1	1	1
OG1_5_7937	1	1	1	1	1
OG1_5_7938	1	1	1	1	1
OG1_5_7940	1	1	1	1	1
OG1_5_7942	1	1	1	1	1
OG1_5_7943	1	1	1	1	1
OG1_5_7945	1	1	1	1	1
OG1_5_7947	1	1	1	1	1
OG1_5_7948	1	1	1	1	1
OG1_5_7949	1	1	1	1	1
OG1_5_7950	1	1	1	1	1
OG1_5_7951	1	1	1	1	1
OG1_5_7952	1	1	1	1	1
OG1_5_7953	1	1	1	1	1
OG1_5_7954	1	1	1	1	1
OG1_5_7955	1	1	1	1	1
OG1_5_7956	1	1	1	1	1
OG1_5_7957	1	1	1	1	1
OG1_5_7958	1	1	1	1	1
OG1_5_7959	1	1	1	1	1
OG1_5_7960	1	1	1	1	1
OG1_5_7962	1	1	1	1	1
OG1_5_7963	1	1	1	1	1
OG1_5_7964	1	1	1	1	1
OG1_5_7965	1	1	1	1	1
OG1_5_7966	1	1	1	1	1
OG1_5_7967	1	1	1	1	1
OG1_5_7968	1	1	1	1	1
OG1_5_7969	1	1	1	1	1
OG1_5_7970	1	1	1	1	1
OG1_5_7972	1	1	1	1	1
OG1_5_7973	1	1	1	1	1
OG1_5_7974	1	1	1	1	1
OG1_5_7975	1	1	1	1	1
OG1_5_7976	1	1	1	1	1
OG1_5_7977	1	1	1	1	1
OG1_5_7978	1	1	1	1	1
OG1_5_7979	1	1	1	1	1
OG1_5_7980	1	1	1	1	1
OG1_5_7981	1	1	1	1	1
OG1_5_7982	1	1	1	1	1
OG1_5_7983	1	1	1	1	1
OG1_5_7984	1	1	1	1	1
OG1_5_7987	1	1	1	1	1
OG1_5_7988	1	1	1	1	1
OG1_5_7989	1	1	1	1	1
OG1_5_7990	1	1	1	1	1
OG1_5_7991	1	1	1	1	1
OG1_5_7992	1	1	1	1	1
OG1_5_7993	1	1	1	1	1
OG1_5_7994	1	1	1	1	1
OG1_5_7995	1	1	1	1	1
OG1_5_7996	1	1	1	1	1
OG1_5_7997	1	1	1	1	1
OG1_5_7998	1	1	1	1	1
OG1_5_7999	1	1	1	1	1
OG1_5_8000	1	1	1	1	1
OG1_5_8001	1	1	1	1	1
OG1_5_8002	1	1	1	1	1
OG1_5_8003	1	1	1	1	1
OG1_5_8004	1	1	1	1	1
OG1_5_8005	1	1	1	1	1
OG1_5_8006	1	1	1	1	1
OG1_5_8007	1	1	1	1	1
OG1_5_8008	1	1	1	1	1
OG1_5_8009	1	1	1	1	1
OG1_5_8010	1	1	1	1	1
OG1_5_8011	1	1	1	1	1
OG1_5_8012	1	1	1	1	1
OG1_5_8013	1	1	1	1	1
OG1_5_8014	1	1	1	1	1
OG1_5_8015	1	1	1	1	1
OG1_5_8016	1	1	1	1	1
OG1_5_8017	1	1	1	1	1
OG1_5_8018	1	1	1	1	1
OG1_5_8020	1	1	1	1	1
OG1_5_8021	1	1	1	1	1
OG1_5_8022	1	1	1	1	1
OG1_5_8023	1	1	1	1	1
OG1_5_8024	1	1	1	1	1
OG1_5_8025	1	1	1	1	1
OG1_5_8027	1	1	1	1	1
OG1_5_8028	1	1	1	1	1
OG1_5_8029	1	1	1	1	1
OG1_5_8030	1	1	1	1	1
OG1_5_8031	1	1	1	1	1
OG1_5_8032	1	1	1	1	1
OG1_5_8033	1	1	1	1	1
OG1_5_8034	1	1	1	1	1
OG1_5_8035	1	1	1	1	1
OG1_5_8037	1	1	1	1	1
OG1_5_8038	1	1	1	1	1
OG1_5_8040	1	1	1	1	1
OG1_5_8041	1	1	1	1	1
OG1_5_8042	1	1	1	1	1
OG1_5_8043	1	1	1	1	1
OG1_5_8044	1	1	1	1	1
OG1_5_8045	1	1	1	1	1
OG1_5_8046	1	1	1	1	1
OG1_5_8047	1	1	1	1	1
OG1_5_8048	1	1	1	1	1
OG1_5_8049	1	1	1	1	1
OG1_5_8050	1	1	1	1	1
OG1_5_8051	1	1	1	1	1
OG1_5_8052	1	1	1	1	1
OG1_5_8053	1	1	1	1	1
OG1_5_8054	1	1	1	1	1
OG1_5_8055	1	1	1	1	1
OG1_5_8056	1	1	1	1	1
OG1_5_8057	1	1	1	1	1
OG1_5_8059	1	1	1	1	1
OG1_5_8060	1	1	1	1	1
OG1_5_8063	1	1	1	1	1
OG1_5_8064	1	1	1	1	1
OG1_5_8065	1	1	1	1	1
OG1_5_8066	1	1	1	1	1
OG1_5_8067	1	1	1	1	1
OG1_5_8068	1	1	1	1	1
OG1_5_8069	1	1	1	1	1
OG1_5_8070	1	1	1	1	1
OG1_5_8071	1	1	1	1	1
OG1_5_8072	1	1	1	1	1
OG1_5_8073	1	1	1	1	1
OG1_5_8074	1	1	1	1	1
OG1_5_8075	1	1	1	1	1
OG1_5_8077	1	1	1	1	1
OG1_5_8078	1	1	1	1	1
OG1_5_8079	1	1	1	1	1
OG1_5_8080	1	1	1	1	1
OG1_5_8081	1	1	1	1	1
OG1_5_8082	1	1	1	1	1
OG1_5_8083	1	1	1	1	1
OG1_5_8084	1	1	1	1	1
OG1_5_8086	1	1	1	1	1
OG1_5_8087	1	1	1	1	1
OG1_5_8088	1	1	1	1	1
OG1_5_8089	1	1	1	1	1
OG1_5_8090	1	1	1	1	1
OG1_5_8091	1	1	1	1	1
OG1_5_8092	1	1	1	1	1
OG1_5_8093	1	1	1	1	1
OG1_5_8094	1	1	1	1	1
OG1_5_8095	1	1	1	1	1
OG1_5_8096	1	1	1	1	1
OG1_5_8097	1	1	1	1	1
OG1_5_8098	1	1	1	1	1
OG1_5_8099	1	1	1	1	1
OG1_5_8100	1	1	1	1	1
OG1_5_8101	1	1	1	1	1
OG1_5_8102	1	1	1	1	1
OG1_5_8104	1	1	1	1	1
OG1_5_8105	1	1	1	1	1
OG1_5_8106	1	1	1	1	1
OG1_5_8107	1	1	1	1	1
OG1_5_8108	1	1	1	1	1
OG1_5_8109	1	1	1	1	1
OG1_5_8110	1	1	1	1	1
OG1_5_8111	1	1	1	1	1
OG1_5_8112	1	1	1	1	1
OG1_5_8114	1	1	1	1	1
OG1_5_8116	1	1	1	1	1
OG1_5_8117	1	1	1	1	1
OG1_5_8118	1	1	1	1	1
OG1_5_8119	1	1	1	1	1
OG1_5_8121	1	1	1	1	1
OG1_5_8122	1	1	1	1	1
OG1_5_8124	1	1	1	1	1
OG1_5_8125	1	1	1	1	1
OG1_5_8126	1	1	1	1	1
OG1_5_8127	1	1	1	1	1
OG1_5_8128	1	1	1	1	1
OG1_5_8129	1	1	1	1	1
OG1_5_8130	1	1	1	1	1
OG1_5_8131	1	1	1	1	1
OG1_5_8132	1	1	1	1	1
OG1_5_8133	1	1	1	1	1
OG1_5_8135	1	1	1	1	1
OG1_5_8136	1	1	1	1	1
OG1_5_8137	1	1	1	1	1
OG1_5_8138	1	1	1	1	1
OG1_5_8139	1	1	1	1	1
OG1_5_8140	1	1	1	1	1
OG1_5_8141	1	1	1	1	1
OG1_5_8142	1	1	1	1	1
OG1_5_8144	1	1	1	1	1
OG1_5_8145	1	1	1	1	1
OG1_5_8146	1	1	1	1	1
OG1_5_8148	1	1	1	1	1
OG1_5_8149	1	1	1	1	1
OG1_5_8150	1	1	1	1	1
OG1_5_8151	1	1	1	1	1
OG1_5_8152	1	1	1	1	1
OG1_5_8153	1	1	1	1	1
OG1_5_8154	1	1	1	1	1
OG1_5_8155	1	1	1	1	1
OG1_5_8156	1	1	1	1	1
OG1_5_8157	1	1	1	1	1
OG1_5_8158	1	1	1	1	1
OG1_5_8159	1	1	1	1	1
OG1_5_8162	1	1	1	1	1
OG1_5_8163	1	1	1	1	1
OG1_5_8164	1	1	1	1	1
OG1_5_8165	1	1	1	1	1
OG1_5_8166	1	1	1	1	1
OG1_5_8167	1	1	1	1	1
OG1_5_8168	1	1	1	1	1
OG1_5_8170	1	1	1	1	1
OG1_5_8171	1	1	1	1	1
OG1_5_8172	1	1	1	1	1
OG1_5_8173	1	1	1	1	1
OG1_5_8174	1	1	1	1	1
OG1_5_8175	1	1	1	1	1
OG1_5_8176	1	1	1	1	1
OG1_5_8178	1	1	1	1	1
OG1_5_8179	1	1	1	1	1
OG1_5_8181	1	1	1	1	1
OG1_5_8182	1	1	1	1	1
OG1_5_8183	1	1	1	1	1
OG1_5_8186	1	1	1	1	1
OG1_5_8187	1	1	1	1	1
OG1_5_8190	1	1	1	1	1
OG1_5_8192	1	1	1	1	1
OG1_5_8193	1	1	1	1	1
OG1_5_8194	1	1	1	1	1
OG1_5_8195	1	1	1	1	1
OG1_5_8196	1	1	1	1	1
OG1_5_8197	1	1	1	1	1
OG1_5_8198	1	1	1	1	1
OG1_5_8199	1	1	1	1	1
OG1_5_8202	1	1	1	1	1
OG1_5_8203	1	1	1	1	1
OG1_5_8204	1	1	1	1	1
OG1_5_8206	1	1	1	1	1
OG1_5_8207	1	1	1	1	1
OG1_5_8208	1	1	1	1	1
OG1_5_8209	1	1	1	1	1
OG1_5_8210	1	1	1	1	1
OG1_5_8211	1	1	1	1	1
OG1_5_8212	1	1	1	1	1
OG1_5_8213	1	1	1	1	1
OG1_5_8214	1	1	1	1	1
OG1_5_8215	1	1	1	1	1
OG1_5_8216	1	1	1	1	1
OG1_5_8218	1	1	1	1	1
OG1_5_8219	1	1	1	1	1
OG1_5_8220	1	1	1	1	1
OG1_5_8221	1	1	1	1	1
OG1_5_8222	1	1	1	1	1
OG1_5_8223	1	1	1	1	1
OG1_5_8224	1	1	1	1	1
OG1_5_8225	1	1	1	1	1
OG1_5_8226	1	1	1	1	1
OG1_5_8227	1	1	1	1	1
OG1_5_8228	1	1	1	1	1
OG1_5_8229	1	1	1	1	1
OG1_5_8230	1	1	1	1	1
OG1_5_8231	1	1	1	1	1
OG1_5_8232	1	1	1	1	1
OG1_5_8233	1	1	1	1	1
OG1_5_8235	1	1	1	1	1
OG1_5_8236	1	1	1	1	1
OG1_5_8237	1	1	1	1	1
OG1_5_8238	1	1	1	1	1
OG1_5_8239	1	1	1	1	1
OG1_5_8240	1	1	1	1	1
OG1_5_8241	1	1	1	1	1
OG1_5_8242	1	1	1	1	1
OG1_5_8243	1	1	1	1	1
OG1_5_8245	1	1	1	1	1
OG1_5_8246	1	1	1	1	1
OG1_5_8247	1	1	1	1	1
OG1_5_8248	1	1	1	1	1
OG1_5_8249	1	1	1	1	1
OG1_5_8251	1	1	1	1	1
OG1_5_8252	1	1	1	1	1
OG1_5_8253	1	1	1	1	1
OG1_5_8255	1	1	1	1	1
OG1_5_8256	1	1	1	1	1
OG1_5_8258	1	1	1	1	1
OG1_5_8259	1	1	1	1	1
OG1_5_8260	1	1	1	1	1
OG1_5_8261	1	1	1	1	1
OG1_5_8262	1	1	1	1	1
OG1_5_8263	1	1	1	1	1
OG1_5_8264	1	1	1	1	1
OG1_5_8266	1	1	1	1	1
OG1_5_8268	1	1	1	1	1
OG1_5_8269	1	1	1	1	1
OG1_5_8271	1	1	1	1	1
OG1_5_8272	1	1	1	1	1
OG1_5_8273	1	1	1	1	1
OG1_5_8274	1	1	1	1	1
OG1_5_8275	1	1	1	1	1
OG1_5_8278	1	1	1	1	1
OG1_5_8280	1	1	1	1	1
OG1_5_8281	1	1	1	1	1
OG1_5_8282	1	1	1	1	1
OG1_5_8283	1	1	1	1	1
OG1_5_8284	1	1	1	1	1
OG1_5_8285	1	1	1	1	1
OG1_5_8287	1	1	1	1	1
OG1_5_8288	1	1	1	1	1
OG1_5_8289	1	1	1	1	1
OG1_5_8291	1	1	1	1	1
OG1_5_8292	1	1	1	1	1
OG1_5_8293	1	1	1	1	1
OG1_5_8294	1	1	1	1	1
OG1_5_8295	1	1	1	1	1
OG1_5_8296	1	1	1	1	1
OG1_5_8297	1	1	1	1	1
OG1_5_8299	1	1	1	1	1
OG1_5_8300	1	1	1	1	1
OG1_5_8304	1	1	1	1	1
OG1_5_8305	1	1	1	1	1
OG1_5_8306	1	1	1	1	1
OG1_5_8307	1	1	1	1	1
OG1_5_8308	1	1	1	1	1
OG1_5_8309	1	1	1	1	1
OG1_5_8310	1	1	1	1	1
OG1_5_8311	1	1	1	1	1
OG1_5_8312	1	1	1	1	1
OG1_5_8313	1	1	1	1	1
OG1_5_8314	1	1	1	1	1
OG1_5_8316	1	1	1	1	1
OG1_5_8318	1	1	1	1	1
OG1_5_8319	1	1	1	1	1
OG1_5_8320	1	1	1	1	1
OG1_5_8321	1	1	1	1	1
OG1_5_8322	1	1	1	1	1
OG1_5_8323	1	1	1	1	1
OG1_5_8324	1	1	1	1	1
OG1_5_8325	1	1	1	1	1
OG1_5_8326	1	1	1	1	1
OG1_5_8329	1	1	1	1	1
OG1_5_8331	1	1	1	1	1
OG1_5_8332	1	1	1	1	1
OG1_5_8333	1	1	1	1	1
OG1_5_8334	1	1	1	1	1
OG1_5_8336	1	1	1	1	1
OG1_5_8338	1	1	1	1	1
OG1_5_8339	1	1	1	1	1
OG1_5_8340	1	1	1	1	1
OG1_5_8341	1	1	1	1	1
OG1_5_8342	1	1	1	1	1
OG1_5_8343	1	1	1	1	1
OG1_5_8344	1	1	1	1	1
OG1_5_8345	1	1	1	1	1
OG1_5_8346	1	1	1	1	1
OG1_5_8347	1	1	1	1	1
OG1_5_8348	1	1	1	1	1
OG1_5_8349	1	1	1	1	1
OG1_5_8350	1	1	1	1	1
OG1_5_8351	1	1	1	1	1
OG1_5_8352	1	1	1	1	1
OG1_5_8353	1	1	1	1	1
OG1_5_8354	1	1	1	1	1
OG1_5_8355	1	1	1	1	1
OG1_5_8356	1	1	1	1	1
OG1_5_8357	1	1	1	1	1
OG1_5_8358	1	1	1	1	1
OG1_5_8359	1	1	1	1	1
OG1_5_8360	1	1	1	1	1
OG1_5_8361	1	1	1	1	1
OG1_5_8362	1	1	1	1	1
OG1_5_8364	1	1	1	1	1
OG1_5_8365	1	1	1	1	1
OG1_5_8368	1	1	1	1	1
OG1_5_8369	1	1	1	1	1
OG1_5_8372	1	1	1	1	1
OG1_5_8373	1	1	1	1	1
OG1_5_8374	1	1	1	1	1
OG1_5_8375	1	1	1	1	1
OG1_5_8376	1	1	1	1	1
OG1_5_8377	1	1	1	1	1
OG1_5_8378	1	1	1	1	1
OG1_5_8379	1	1	1	1	1
OG1_5_8380	1	1	1	1	1
OG1_5_8381	1	1	1	1	1
OG1_5_8382	1	1	1	1	1
OG1_5_8383	1	1	1	1	1
OG1_5_8384	1	1	1	1	1
OG1_5_8385	1	1	1	1	1
OG1_5_8386	1	1	1	1	1
OG1_5_8388	1	1	1	1	1
OG1_5_8389	1	1	1	1	1
OG1_5_8390	1	1	1	1	1
OG1_5_8391	1	1	1	1	1
OG1_5_8393	1	1	1	1	1
OG1_5_8394	1	1	1	1	1
OG1_5_8395	1	1	1	1	1
OG1_5_8396	1	1	1	1	1
OG1_5_8397	1	1	1	1	1
OG1_5_8398	1	1	1	1	1
OG1_5_8399	1	1	1	1	1
OG1_5_8400	1	1	1	1	1
OG1_5_8401	1	1	1	1	1
OG1_5_8402	1	1	1	1	1
OG1_5_8403	1	1	1	1	1
OG1_5_8404	1	1	1	1	1
OG1_5_8405	1	1	1	1	1
OG1_5_8407	1	1	1	1	1
OG1_5_8408	1	1	1	1	1
OG1_5_8409	1	1	1	1	1
OG1_5_8410	1	1	1	1	1
OG1_5_8411	1	1	1	1	1
OG1_5_8412	1	1	1	1	1
OG1_5_8413	1	1	1	1	1
OG1_5_8414	1	1	1	1	1
OG1_5_8415	1	1	1	1	1
OG1_5_8417	1	1	1	1	1
OG1_5_8418	1	1	1	1	1
OG1_5_8419	1	1	1	1	1
OG1_5_8420	1	1	1	1	1
OG1_5_8422	1	1	1	1	1
OG1_5_8423	1	1	1	1	1
OG1_5_8424	1	1	1	1	1
OG1_5_8425	1	1	1	1	1
OG1_5_8427	1	1	1	1	1
OG1_5_8428	1	1	1	1	1
OG1_5_8429	1	1	1	1	1
OG1_5_8430	1	1	1	1	1
OG1_5_8431	1	1	1	1	1
OG1_5_8433	1	1	1	1	1
OG1_5_8434	1	1	1	1	1
OG1_5_8435	1	1	1	1	1
OG1_5_8436	1	1	1	1	1
OG1_5_8437	1	1	1	1	1
OG1_5_8439	1	1	1	1	1
OG1_5_8440	1	1	1	1	1
OG1_5_8441	1	1	1	1	1
OG1_5_8442	1	1	1	1	1
OG1_5_8443	1	1	1	1	1
OG1_5_8445	1	1	1	1	1
OG1_5_8446	1	1	1	1	1
OG1_5_8447	1	1	1	1	1
OG1_5_8448	1	1	1	1	1
OG1_5_8449	1	1	1	1	1
OG1_5_8450	1	1	1	1	1
OG1_5_8451	1	1	1	1	1
OG1_5_8452	1	1	1	1	1
OG1_5_8453	1	1	1	1	1
OG1_5_8454	1	1	1	1	1
OG1_5_8455	1	1	1	1	1
OG1_5_8456	1	1	1	1	1
OG1_5_8457	1	1	1	1	1
OG1_5_8458	1	1	1	1	1
OG1_5_8459	1	1	1	1	1
OG1_5_8462	1	1	1	1	1
OG1_5_8463	1	1	1	1	1
OG1_5_8465	1	1	1	1	1
OG1_5_8466	1	1	1	1	1
OG1_5_8467	1	1	1	1	1
OG1_5_8468	1	1	1	1	1
OG1_5_8469	1	1	1	1	1
OG1_5_8470	1	1	1	1	1
OG1_5_8471	1	1	1	1	1
OG1_5_8472	1	1	1	1	1
OG1_5_8473	1	1	1	1	1
OG1_5_8474	1	1	1	1	1
OG1_5_8475	1	1	1	1	1
OG1_5_8476	1	1	1	1	1
OG1_5_8478	1	1	1	1	1
OG1_5_8479	1	1	1	1	1
OG1_5_8481	1	1	1	1	1
OG1_5_8482	1	1	1	1	1
OG1_5_8483	1	1	1	1	1
OG1_5_8485	1	1	1	1	1
OG1_5_8486	1	1	1	1	1
OG1_5_8487	1	1	1	1	1
OG1_5_8488	1	1	1	1	1
OG1_5_8490	1	1	1	1	1
OG1_5_8491	1	1	1	1	1
OG1_5_8494	1	1	1	1	1
OG1_5_8495	1	1	1	1	1
OG1_5_8496	1	1	1	1	1
OG1_5_8497	1	1	1	1	1
OG1_5_8498	1	1	1	1	1
OG1_5_8499	1	1	1	1	1
OG1_5_8500	1	1	1	1	1
OG1_5_8501	1	1	1	1	1
OG1_5_8502	1	1	1	1	1
OG1_5_8504	1	1	1	1	1
OG1_5_8506	1	1	1	1	1
OG1_5_8507	1	1	1	1	1
OG1_5_8508	1	1	1	1	1
OG1_5_8509	1	1	1	1	1
OG1_5_8510	1	1	1	1	1
OG1_5_8511	1	1	1	1	1
OG1_5_8513	1	1	1	1	1
OG1_5_8515	1	1	1	1	1
OG1_5_8516	1	1	1	1	1
OG1_5_8517	1	1	1	1	1
OG1_5_8518	1	1	1	1	1
OG1_5_8519	1	1	1	1	1
OG1_5_8521	1	1	1	1	1
OG1_5_8522	1	1	1	1	1
OG1_5_8524	1	1	1	1	1
OG1_5_8525	1	1	1	1	1
OG1_5_8526	1	1	1	1	1
OG1_5_8528	1	1	1	1	1
OG1_5_8529	1	1	1	1	1
OG1_5_8530	1	1	1	1	1
OG1_5_8531	1	1	1	1	1
OG1_5_8532	1	1	1	1	1
OG1_5_8533	1	1	1	1	1
OG1_5_8534	1	1	1	1	1
OG1_5_8535	1	1	1	1	1
OG1_5_8536	1	1	1	1	1
OG1_5_8537	1	1	1	1	1
OG1_5_8539	1	1	1	1	1
OG1_5_8541	1	1	1	1	1
OG1_5_8542	1	1	1	1	1
OG1_5_8543	1	1	1	1	1
OG1_5_8544	1	1	1	1	1
OG1_5_8545	1	1	1	1	1
OG1_5_8547	1	1	1	1	1
OG1_5_8548	1	1	1	1	1
OG1_5_8549	1	1	1	1	1
OG1_5_8552	1	1	1	1	1
OG1_5_8553	1	1	1	1	1
OG1_5_8554	1	1	1	1	1
OG1_5_8558	1	1	1	1	1
OG1_5_8559	1	1	1	1	1
OG1_5_8560	1	1	1	1	1
OG1_5_8561	1	1	1	1	1
OG1_5_8562	1	1	1	1	1
OG1_5_8563	1	1	1	1	1
OG1_5_8564	1	1	1	1	1
OG1_5_8565	1	1	1	1	1
OG1_5_8566	1	1	1	1	1
OG1_5_8567	1	1	1	1	1
OG1_5_8568	1	1	1	1	1
OG1_5_8569	1	1	1	1	1
OG1_5_8570	1	1	1	1	1
OG1_5_8571	1	1	1	1	1
OG1_5_8572	1	1	1	1	1
OG1_5_8574	1	1	1	1	1
OG1_5_8575	1	1	1	1	1
OG1_5_8576	1	1	1	1	1
OG1_5_8577	1	1	1	1	1
OG1_5_8578	1	1	1	1	1
OG1_5_8579	1	1	1	1	1
OG1_5_8580	1	1	1	1	1
OG1_5_8581	1	1	1	1	1
OG1_5_8582	1	1	1	1	1
OG1_5_8583	1	1	1	1	1
OG1_5_8584	1	1	1	1	1
OG1_5_8585	1	1	1	1	1
OG1_5_8586	1	1	1	1	1
OG1_5_8587	1	1	1	1	1
OG1_5_8588	1	1	1	1	1
OG1_5_8589	1	1	1	1	1
OG1_5_8590	1	1	1	1	1
OG1_5_8592	1	1	1	1	1
OG1_5_8593	1	1	1	1	1
OG1_5_8595	1	1	1	1	1
OG1_5_8596	1	1	1	1	1
OG1_5_8597	1	1	1	1	1
OG1_5_8598	1	1	1	1	1
OG1_5_8599	1	1	1	1	1
OG1_5_8600	1	1	1	1	1
OG1_5_8601	1	1	1	1	1
OG1_5_8602	1	1	1	1	1
OG1_5_8603	1	1	1	1	1
OG1_5_8604	1	1	1	1	1
OG1_5_8605	1	1	1	1	1
OG1_5_8606	1	1	1	1	1
OG1_5_8607	1	1	1	1	1
OG1_5_8609	1	1	1	1	1
OG1_5_8610	1	1	1	1	1
OG1_5_8611	1	1	1	1	1
OG1_5_8612	1	1	1	1	1
OG1_5_8613	1	1	1	1	1
OG1_5_8615	1	1	1	1	1
OG1_5_8616	1	1	1	1	1
OG1_5_8617	1	1	1	1	1
OG1_5_8618	1	1	1	1	1
OG1_5_8619	1	1	1	1	1
OG1_5_8620	1	1	1	1	1
OG1_5_8621	1	1	1	1	1
OG1_5_8622	1	1	1	1	1
OG1_5_8623	1	1	1	1	1
OG1_5_8624	1	1	1	1	1
OG1_5_8625	1	1	1	1	1
OG1_5_8626	1	1	1	1	1
OG1_5_8627	1	1	1	1	1
OG1_5_8628	1	1	1	1	1
OG1_5_8629	1	1	1	1	1
OG1_5_8631	1	1	1	1	1
OG1_5_8632	1	1	1	1	1
OG1_5_8633	1	1	1	1	1
OG1_5_8634	1	1	1	1	1
OG1_5_8635	1	1	1	1	1
OG1_5_8636	1	1	1	1	1
OG1_5_8637	1	1	1	1	1
OG1_5_8638	1	1	1	1	1
OG1_5_8639	1	1	1	1	1
OG1_5_8641	1	1	1	1	1
OG1_5_8642	1	1	1	1	1
OG1_5_8643	1	1	1	1	1
OG1_5_8644	1	1	1	1	1
OG1_5_8645	1	1	1	1	1
OG1_5_8646	1	1	1	1	1
OG1_5_8647	1	1	1	1	1
OG1_5_8648	1	1	1	1	1
OG1_5_8649	1	1	1	1	1
OG1_5_8650	1	1	1	1	1
OG1_5_8652	1	1	1	1	1
OG1_5_8653	1	1	1	1	1
OG1_5_8654	1	1	1	1	1
OG1_5_8655	1	1	1	1	1
OG1_5_8656	1	1	1	1	1
OG1_5_8657	1	1	1	1	1
OG1_5_8658	1	1	1	1	1
OG1_5_8659	1	1	1	1	1
OG1_5_8660	1	1	1	1	1
OG1_5_8661	1	1	1	1	1
OG1_5_8662	1	1	1	1	1
OG1_5_8663	1	1	1	1	1
OG1_5_8664	1	1	1	1	1
OG1_5_8665	1	1	1	1	1
OG1_5_8666	1	1	1	1	1
OG1_5_8667	1	1	1	1	1
OG1_5_8668	1	1	1	1	1
OG1_5_8669	1	1	1	1	1
OG1_5_8670	1	1	1	1	1
OG1_5_8671	1	1	1	1	1
OG1_5_8672	1	1	1	1	1
OG1_5_8673	1	1	1	1	1
OG1_5_8674	1	1	1	1	1
OG1_5_8675	1	1	1	1	1
OG1_5_8676	1	1	1	1	1
OG1_5_8677	1	1	1	1	1
OG1_5_8678	1	1	1	1	1
OG1_5_8679	1	1	1	1	1
OG1_5_8680	1	1	1	1	1
OG1_5_8681	1	1	1	1	1
OG1_5_8682	1	1	1	1	1
OG1_5_8683	1	1	1	1	1
OG1_5_8684	1	1	1	1	1
OG1_5_8685	1	1	1	1	1
OG1_5_8686	1	1	1	1	1
OG1_5_8687	1	1	1	1	1
OG1_5_8688	1	1	1	1	1
OG1_5_8689	1	1	1	1	1
OG1_5_8690	1	1	1	1	1
OG1_5_8692	1	1	1	1	1
OG1_5_8693	1	1	1	1	1
OG1_5_8694	1	1	1	1	1
OG1_5_8695	1	1	1	1	1
OG1_5_8697	1	1	1	1	1
OG1_5_8698	1	1	1	1	1
OG1_5_8699	1	1	1	1	1
OG1_5_8700	1	1	1	1	1
OG1_5_8701	1	1	1	1	1
OG1_5_8702	1	1	1	1	1
OG1_5_8704	1	1	1	1	1
OG1_5_8705	1	1	1	1	1
OG1_5_8706	1	1	1	1	1
OG1_5_8707	1	1	1	1	1
OG1_5_8709	1	1	1	1	1
OG1_5_8710	1	1	1	1	1
OG1_5_8711	1	1	1	1	1
OG1_5_8712	1	1	1	1	1
OG1_5_8713	1	1	1	1	1
OG1_5_8714	1	1	1	1	1
OG1_5_8715	1	1	1	1	1
OG1_5_8716	1	1	1	1	1
OG1_5_8717	1	1	1	1	1
OG1_5_8718	1	1	1	1	1
OG1_5_8719	1	1	1	1	1
OG1_5_8720	1	1	1	1	1
OG1_5_8721	1	1	1	1	1
OG1_5_8722	1	1	1	1	1
OG1_5_8723	1	1	1	1	1
OG1_5_8724	1	1	1	1	1
OG1_5_8725	1	1	1	1	1
OG1_5_8726	1	1	1	1	1
OG1_5_8728	1	1	1	1	1
OG1_5_8729	1	1	1	1	1
OG1_5_8730	1	1	1	1	1
OG1_5_8731	1	1	1	1	1
OG1_5_8732	1	1	1	1	1
OG1_5_8733	1	1	1	1	1
OG1_5_8734	1	1	1	1	1
OG1_5_8735	1	1	1	1	1
OG1_5_8736	1	1	1	1	1
OG1_5_8737	1	1	1	1	1
OG1_5_8738	1	1	1	1	1
OG1_5_8739	1	1	1	1	1
OG1_5_8741	1	1	1	1	1
OG1_5_8745	1	1	1	1	1
OG1_5_8746	1	1	1	1	1
OG1_5_8747	1	1	1	1	1
OG1_5_8748	1	1	1	1	1
OG1_5_8749	1	1	1	1	1
OG1_5_8750	1	1	1	1	1
OG1_5_8751	1	1	1	1	1
OG1_5_8752	1	1	1	1	1
OG1_5_8753	1	1	1	1	1
OG1_5_8755	1	1	1	1	1
OG1_5_8756	1	1	1	1	1
OG1_5_8757	1	1	1	1	1
OG1_5_8758	1	1	1	1	1
OG1_5_8759	1	1	1	1	1
OG1_5_8760	1	1	1	1	1
OG1_5_8761	1	1	1	1	1
OG1_5_8762	1	1	1	1	1
OG1_5_8763	1	1	1	1	1
OG1_5_8766	1	1	1	1	1
OG1_5_8767	1	1	1	1	1
OG1_5_8768	1	1	1	1	1
OG1_5_8769	1	1	1	1	1
OG1_5_8770	1	1	1	1	1
OG1_5_8771	1	1	1	1	1
OG1_5_8772	1	1	1	1	1
OG1_5_8773	1	1	1	1	1
OG1_5_8774	1	1	1	1	1
OG1_5_8775	1	1	1	1	1
OG1_5_8776	1	1	1	1	1
OG1_5_8778	1	1	1	1	1
OG1_5_8779	1	1	1	1	1
OG1_5_8780	1	1	1	1	1
OG1_5_8781	1	1	1	1	1
OG1_5_8782	1	1	1	1	1
OG1_5_8783	1	1	1	1	1
OG1_5_8784	1	1	1	1	1
OG1_5_8785	1	1	1	1	1
OG1_5_8786	1	1	1	1	1
OG1_5_8787	1	1	1	1	1
OG1_5_8788	1	1	1	1	1
OG1_5_8790	1	1	1	1	1
OG1_5_8791	1	1	1	1	1
OG1_5_8792	1	1	1	1	1
OG1_5_8793	1	1	1	1	1
OG1_5_8794	1	1	1	1	1
OG1_5_8795	1	1	1	1	1
OG1_5_8796	1	1	1	1	1
OG1_5_8797	1	1	1	1	1
OG1_5_8798	1	1	1	1	1
OG1_5_8799	1	1	1	1	1
OG1_5_8801	1	1	1	1	1
OG1_5_8802	1	1	1	1	1
OG1_5_8803	1	1	1	1	1
OG1_5_8804	1	1	1	1	1
OG1_5_8805	1	1	1	1	1
OG1_5_8806	1	1	1	1	1
OG1_5_8807	1	1	1	1	1
OG1_5_8808	1	1	1	1	1
OG1_5_8809	1	1	1	1	1
OG1_5_8810	1	1	1	1	1
OG1_5_8811	1	1	1	1	1
OG1_5_8812	1	1	1	1	1
OG1_5_8813	1	1	1	1	1
OG1_5_8814	1	1	1	1	1
OG1_5_8815	1	1	1	1	1
OG1_5_8816	1	1	1	1	1
OG1_5_8817	1	1	1	1	1
OG1_5_8818	1	1	1	1	1
OG1_5_8820	1	1	1	1	1
OG1_5_8821	1	1	1	1	1
OG1_5_8822	1	1	1	1	1
OG1_5_8823	1	1	1	1	1
OG1_5_8824	1	1	1	1	1
OG1_5_8825	1	1	1	1	1
OG1_5_8826	1	1	1	1	1
OG1_5_8827	1	1	1	1	1
OG1_5_8828	1	1	1	1	1
OG1_5_8829	1	1	1	1	1
OG1_5_8830	1	1	1	1	1
OG1_5_8831	1	1	1	1	1
OG1_5_8832	1	1	1	1	1
OG1_5_8833	1	1	1	1	1
OG1_5_8834	1	1	1	1	1
OG1_5_8835	1	1	1	1	1
OG1_5_8836	1	1	1	1	1
OG1_5_8837	1	1	1	1	1
OG1_5_8838	1	1	1	1	1
OG1_5_8839	1	1	1	1	1
OG1_5_8840	1	1	1	1	1
OG1_5_8841	1	1	1	1	1
OG1_5_8842	1	1	1	1	1
OG1_5_8843	1	1	1	1	1
OG1_5_8844	1	1	1	1	1
OG1_5_8846	1	1	1	1	1
OG1_5_8848	1	1	1	1	1
OG1_5_8849	1	1	1	1	1
OG1_5_8850	1	1	1	1	1
