gID	E1-Q	E1-R	E1-S	E1-T	E1-V	E1-X	E1-Z1	E1-Z4	E2-Q	E2-R	E2-S	E2-T	E2-V	E2-X	E2-Z5	E2-Z9	E3-Q	E3-R	E3-S	E3-T	E3-V	E3-X	E3-Z10	E3-Z11
Astgla	230055	196755	276723	259321	394822	246761	246784	226448	244885	214948	241157	263253	299008	281076	208122	263642	262025	259496	272314	251568	380675	286907	276742	290429
Chrfra	68538	58922	67108	64937	52593	59443	55561	58006	71852	50539	65911	80042	48629	52973	57736	50405	66806	64990	44507	69826	60988	39179	62923	59130
Skedoh	52993	45518	60919	57206	78228	53192	53677	51067	57504	44913	55705	60991	86988	58361	44415	50221	60274	56103	53839	58718	73767	54140	61590	55898
Vansp	110742	94515	112582	118621	75646	92492	101544	90342	107758	77062	113686	130551	75309	81143	92370	82733	110369	105068	62952	106915	75894	58566	110379	100629
Pseela	152330	136782	156336	154010	129563	135247	138779	138167	163545	114881	159581	183604	118014	122415	136429	122987	151173	151268	100908	159412	123318	90901	155845	143490
Hemtep	79167	64275	81136	88006	63975	61236	74139	69440	74300	54873	81396	92932	53018	58098	71929	84469	79400	89722	50659	77433	59117	47809	77292	112931
Sorsp	209800	197568	250758	275301	188669	196758	260678	221939	239747	176145	230219	258718	160347	185765	193768	241121	265439	224999	147496	254976	174715	173043	297370	259295
Cycten	71889	61535	80178	73639	105167	79349	64075	59059	67623	61063	68426	77661	83746	82759	56742	58322	76223	87144	77630	69965	137780	103303	76856	74493
Pyrsp	82251	73753	91902	88109	65847	75137	82377	78839	87757	61897	86140	98479	62235	67718	73826	72322	86049	82992	54229	89612	66243	56768	88900	79750
Flopar	194318	172262	205650	206824	169083	163501	175316	203387	229052	150313	237209	295993	141247	159747	214103	254600	219022	263716	145330	246731	162262	132588	190294	322258
Pinpyr	72341	71148	78246	75774	63272	71338	69162	69737	82341	58268	78134	89822	60854	64381	68493	62134	76820	74150	50793	82534	61028	48131	78490	69693
Dolten	89253	83164	93965	88823	73880	83288	84722	84819	98337	70054	95497	111495	68401	74599	84489	78042	89668	90109	59209	95570	74179	64571	92153	91231
Tetstr	209802	245892	224886	233497	235020	172016	211237	249233	202092	196661	259077	250392	163151	200307	280945	496045	261654	426925	209831	239567	175790	172658	222163	618070
GonPac	183644	143592	195438	189013	139569	145901	174778	159486	182165	123896	185837	219785	128238	136300	152614	145900	186211	183422	109776	186193	138202	107067	188033	694137
Alemon	590072	725145	568835	596375	457071	651105	649676	620050	656352	591843	735809	657871	526375	539555	653000	555699	617940	616896	420324	667588	553829	479039	692515	634299
Trisp	46159	38329	56895	56943	47640	42511	56461	48688	53324	35067	48944	53968	37654	42024	40203	52107	56909	46476	31352	53570	37683	35729	61964	54121
Cerfus	489196	470738	623719	612331	437280	440100	555220	706557	634620	455994	546969	571639	457070	492532	584792	778667	598935	677578	360717	588459	409494	324898	668142	907176
Tetsp	137588	120542	164192	175443	120624	130551	190526	130758	177100	93280	152695	148052	91992	103636	171979	133847	148200	153362	273054	162457	126725	231504	145726	496557
Chrbre	183812	130538	195440	192388	111458	126295	165796	215691	206098	113671	209645	287005	110727	115235	202557	161832	199282	201200	94326	220460	114883	84162	172744	171554
RCC9981	33359	10481	27309	26143	9704	10387	22727	14529	12644	8609	21601	25455	8661	9018	16241	14724	22425	17119	7622	11094	13083	9522	23632	28215
Ampsp	153677	126678	171896	154355	228759	155063	140863	137445	150010	126209	155133	171063	169897	165657	130341	133992	164144	158016	156924	150678	283425	201098	171558	158301
Karmic	780556	730861	941763	673882	593591	725361	583849	741145	752128	501237	781922	823369	607770	676747	671263	696538	807766	905607	499074	831886	736024	487974	809485	782472
RCC1871	37252	27046	71158	62514	25886	25865	34555	31178	33405	24290	37622	41045	22413	27586	30937	34211	49944	38821	22737	32364	32902	23001	36429	52371
Dinsp	113500	91087	130867	123003	108840	97253	117369	106471	120948	80918	117131	130388	90244	95776	96603	107734	126346	114869	77867	118575	111993	88973	132922	125972
Cafroe	86797	81633	82702	82993	64882	78455	74336	77350	92016	67126	91065	105933	65040	69482	79397	65965	86930	87505	55961	89604	73926	53291	87903	80480
Hetrot	262967	285805	234083	227467	182675	258429	216996	224270	250293	227064	281642	275493	203153	201741	271090	193019	240580	248865	161889	245532	225928	119658	273067	259220
Steram	99055	91343	125030	131540	133763	95935	135713	120593	118606	90854	119535	121263	91760	109357	115214	186197	140466	149645	94268	125302	94288	114625	140940	227158
Picsal	67677	43107	72621	61730	44658	43042	57925	57657	55166	36979	56611	67011	39731	41132	50440	52053	59707	59572	34711	56359	45050	34093	68093	64837
Ptesp	65645	53779	76015	72774	57159	55441	64911	61883	69258	45957	67942	79452	49040	51743	55256	61918	70717	68784	43077	71240	49799	43463	70357	70478
Vaulit	82884	50264	87256	102710	59699	51352	93351	73390	72586	46633	80606	101815	50339	51984	68327	76230	99640	79868	46207	82075	108039	77414	96887	94327
Eutgym	290841	280833	363709	320813	268128	282800	289938	296927	329859	234407	316868	346899	243483	258449	274226	266433	315528	304549	207927	350333	244313	215795	328683	292823
Cocpel	121324	97095	127754	136121	84559	93858	125011	125503	125832	81590	129567	156172	82101	86076	123620	109419	125365	122625	79632	133363	89923	74366	129511	152353
Ostluc	46809	44338	53451	46807	53587	56946	49428	44586	49302	39001	46778	58112	41402	49093	45276	48004	47202	50325	44892	49459	62350	83047	48286	50882
Aplsp	95860	52650	101799	84356	72017	57918	82360	72735	77560	49415	84002	101327	57159	58722	69152	81043	93711	91275	52207	75314	85953	61535	99891	106386
Chrneb	36280	26218	49164	49609	37682	35966	53581	37825	42428	27554	37300	45369	28003	34316	32137	48949	44070	34126	27372	43296	37179	53862	50779	47372
RCC9982	31126	7951	21988	46452	6047	6143	50746	15777	13975	7597	26361	26205	5987	7223	13908	19610	33569	14360	4696	10030	6151	4855	36880	47007
Crycoh	421175	511908	457746	459369	497118	494882	430991	460960	475306	411928	475020	491844	419883	430148	467481	430729	469932	470944	369456	495313	405063	295592	525688	515710
Ochsp	268842	240557	321224	307175	308702	267099	310001	273461	294477	223680	303775	326453	241269	257769	254800	314595	311631	299911	224529	289762	311238	296569	327719	343276
RCC2335	98671	105142	108280	119725	171780	61490	121871	148242	71791	115759	138477	106459	81932	118874	190170	466194	162289	357829	156075	117333	103039	120141	108340	590143
Scrhan	529870	657391	514337	522779	434315	588275	506510	558398	566073	518552	575249	579808	468939	479318	590040	467473	540969	558996	421768	575919	528570	299752	651424	605596
Cyaglo	61071	49355	68580	70405	57648	45218	63594	62031	55940	45902	66078	66518	42221	49171	62230	94824	70047	85825	45877	62012	47158	43805	69509	125688
Pseaus	129992	169888	154340	142828	449950	317322	139996	142419	147165	154601	148471	156978	270568	311746	132024	143224	149826	144599	289459	154201	486962	521621	158875	162683
Aurano	119179	168537	117361	122439	124953	161585	215307	166968	144099	158840	135454	164701	116392	156827	123402	99175	120776	121173	112362	223653	269322	292726	117605	125740
Conmag	44759	34166	56447	56949	42846	37978	64133	46746	50644	32630	46082	53842	34473	39221	37293	54253	53383	43595	29345	50283	34457	37446	64917	54648
Rhomac	77236	57332	82396	76901	61463	59014	70140	64313	72682	49876	76983	87920	52693	55069	65325	70339	72767	76979	46951	71752	60189	51298	80195	92455
Pavsp	140321	117942	159717	171755	141066	127606	180755	132692	178623	90718	158263	158385	129657	107468	174903	128500	147974	157230	267960	167968	125951	216975	140453	478857
RCC8569	1122	1119	1111	1199	1105	980	1092	1041	1207	933	1157	1344	966	1065	1059	901	1177	1043	863	1293	840	593	1232	1088
Favehr	78100	56291	76385	77087	54693	56017	74375	72175	81809	71779	77085	101240	59638	55757	66603	69917	78352	111215	50133	94288	74458	72771	86960	79903
D	226709	222643	256871	259499	227921	241325	215785	212836	222611	187460	238118	256597	197474	207821	207159	199148	239159	219631	169867	236667	202976	182227	242960	226008
Branut	529100	810215	526836	581089	458162	625440	600579	525288	590940	526972	479567	493530	378637	458817	608901	487061	518234	535790	609942	629456	511626	451822	616224	634210
Chlcf	63922	46285	71580	65493	48574	84888	65438	53403	59538	39702	60566	73659	39578	46735	52225	60184	65582	64076	39732	60383	54124	67372	69484	65912
RCC9986	7949	4081	7413	6977	4129	4276	5588	5106	5116	3595	6565	6943	3722	4024	4709	4625	6252	5362	2942	5180	4351	3284	6167	5730
Psehei	65092	114054	79494	74699	340049	272103	68944	67533	76583	92667	70422	78099	181817	258142	59052	64948	73993	70986	189676	77562	406981	508197	78618	69393
Aleand	208809	265328	205757	210863	178471	241837	210739	215107	252390	214592	235130	232389	197423	199591	237932	179274	228446	233558	165539	252887	208873	123774	250144	231079
Rhomar	115711	80354	125504	111134	89833	86315	104250	94144	106884	71398	114041	126095	77213	83260	91448	99142	116999	111570	69470	154092	94860	95899	125515	121509
Psepun	127252	150355	148067	141346	370999	252935	131452	128940	143561	139675	136405	152325	240092	259585	115294	121829	145774	139967	238892	145246	351264	363337	151252	129358
CCMP2111	52664	38521	58752	54208	37621	38421	44172	41195	46606	33550	52608	63857	35794	37408	39138	38127	52317	51260	31478	47086	40359	32193	50563	46846
Favtar	166648	135641	211925	240312	127421	128784	334676	173465	219111	129006	217711	218610	127002	126736	213486	208151	192882	227424	120121	235520	211901	460752	185008	182242
Bolsp	139203	117462	151367	164236	132349	114788	144023	130003	135837	103464	150255	163579	106152	113619	130030	161834	152036	165143	102013	141648	123975	100530	149712	212550
Gemcry	166854	138748	178001	170032	139806	146867	160460	154388	164309	117497	169994	185750	126293	133023	150941	146298	174595	161157	107898	171239	132083	110425	184953	180755
Timoli	35182	32748	43675	40979	38642	34118	40882	39649	42325	29169	39338	41584	31891	34493	32800	39747	43126	37973	26305	42349	29978	27087	46139	41534
Parves	66324	48685	84264	97948	85429	51506	94974	75052	76064	53393	73928	82907	54642	64575	69742	122761	90571	87525	55842	80880	58428	65750	91508	142140
Stacon	66233	65602	78408	70907	119602	78076	63958	66557	75543	68896	70899	80853	94303	87053	59656	61480	73377	72076	86036	77287	114507	77966	74364	66215
Pracap	59931	54611	64566	61566	47644	53312	52413	52785	59975	42741	60741	69321	43911	47043	50818	47739	62051	58407	38657	61471	45020	32343	60311	58694
Hanphi	106449	95492	113449	107826	85470	91796	96160	92609	108804	76591	113773	121896	78968	83321	89351	88856	116106	103325	66399	108899	78914	60357	112545	104631
Arisp	91366	63993	106518	106383	82417	66711	111887	88136	96105	65647	92529	106623	69404	72866	74084	98310	110536	91463	60592	97294	76568	65727	117887	108429
Rhiset	87565	69078	103980	108253	109671	79476	113758	92236	97142	72492	94184	99073	86834	90829	74430	103596	100710	83674	75876	98341	92258	93961	118306	108662
Synpus	54096	47526	49309	52090	38960	46638	44672	44380	52500	40668	56348	65207	39654	42447	47294	39053	49297	48568	36902	51662	50325	30577	52886	52416
Alefun	86714	110262	114842	128984	155635	80774	113453	143386	94250	108504	135288	110097	79583	119790	199392	380927	156353	304172	136215	132023	107443	142432	121934	577940
RCC9984	5287	3969	5563	5708	6022	4551	5425	4794	4874	4052	5275	6082	5646	4713	4456	4882	6566	5077	4864	5203	5614	4899	6295	5407
Chasp	111080	97440	131426	124291	160147	110842	124627	114190	128102	100175	119574	132877	131951	125873	100387	115429	134292	119038	113574	128899	141214	109580	137884	217041
Plecar	238507	192207	256638	282632	156082	177815	298858	257690	260253	148004	219129	288926	145449	168624	303882	200782	263398	260146	379533	281394	186275	291358	226661	716732
RCC2339	93349	79364	97218	99205	71954	78263	87279	82165	95638	67779	98039	111571	68136	72789	81036	75420	92159	90008	59036	95042	72860	60027	96781	88271
ParImp	123811	80013	132563	123617	94014	84560	111043	97681	108909	72600	115852	136401	78077	82372	92574	100386	125578	116767	69130	108063	110254	82035	123880	120735
Odoaur	114358	113411	128487	126310	156534	124210	112721	108471	124564	100335	120987	135854	134720	123383	100047	99329	123883	119303	116373	125616	136312	99077	123155	111492
Litpic	64538	49331	80434	82125	61728	53855	78462	64726	70802	46866	66482	70268	51281	56428	53434	72323	75108	60969	43324	71301	47228	47022	81754	71103
Chrsp	152101	177826	166711	164354	168887	187504	146270	156543	198466	143311	167364	192497	141268	159380	160718	144879	162830	170775	138375	183440	172936	129722	164672	176555
CCMP2298	190102	138742	185627	187009	117003	138140	165315	156502	172915	117871	189154	220384	113099	123499	155505	136693	184329	183570	98940	176481	156894	111855	182076	166158
Hemvir	77451	62885	84150	88723	55845	59908	85240	72915	77471	51567	77320	94891	51913	55680	66681	69195	78025	74094	45027	78270	52877	41250	84351	80692
Hetarc	271042	320540	250798	258821	207843	290748	243598	253271	367922	255453	298014	294198	229976	232568	286909	213713	257059	262496	183545	279834	232302	139010	295014	273177
Dicspe	122629	99790	131846	116408	104241	98802	98274	99947	108258	75202	104599	118360	80356	86365	89055	97582	113913	110977	71017	115934	94541	72647	105756	106344
Alemin	91998	131977	91037	101726	78608	117585	94608	107162	101034	110762	107873	101320	95262	94850	121641	87026	96589	104918	84626	109165	100878	57817	124632	120837
Erymad	37148	30085	40455	35602	32848	30792	32908	33075	37133	25357	36209	40231	27781	29130	31141	33104	37827	38479	24412	37275	30159	23467	38649	37263
Crypar	104751	92476	147669	119736	85477	92934	110755	99050	111342	79668	112657	130257	78723	84334	95450	93117	113484	104383	67274	115356	79704	63296	116983	105502
Minchi	10022	34853	11788	111757	8113	6499	70943	9257	64182	4853	9745	14742	4757	7551	11780	14699	14194	68930	7974	58993	11874	46115	49282	508838
Phacor	65114	37810	64377	70561	46952	32651	63899	73287	57025	39150	74627	92085	35179	39223	81028	104975	73171	95814	40912	74211	48387	40749	63883	132983
Synrec	56288	55556	68894	65174	97120	66766	61741	57996	64995	55842	60463	67711	77401	71544	50673	57849	67740	65828	69005	66910	99382	65676	71720	59502
Pyramy	98018	95496	117342	116354	133030	74461	116810	127844	93403	94373	121835	110328	81087	101641	139942	289731	138762	232433	112776	114789	90649	95944	118900	368030
Eucant	57622	35863	74474	77842	59521	45606	54874	44509	50563	35677	51421	55097	45464	49795	37628	51530	50072	47005	41005	46802	56912	59987	57974	54660
Heltam	43523	35031	49828	46948	62515	41323	45837	41448	43518	36235	45265	49897	49472	49432	39987	53387	50194	53249	44435	45700	58597	46082	52526	65016
Nitpun	114866	108908	135516	124381	302282	153151	113799	105243	120790	134154	119640	131796	223564	185073	95760	106798	132079	124762	201432	123347	351445	230599	134055	118774
Gymcat	392925	450151	423486	389577	320971	395702	373678	435070	434271	361431	428700	439438	328386	356321	438414	362077	425108	465774	277438	447130	363453	240781	480232	444669
Madery	105619	105688	108725	109884	103415	109018	101015	107180	119649	90025	118637	139401	94973	101142	105035	93435	110492	108002	84109	120072	99829	65698	117210	110016
Sexsp	62873	71103	68563	68245	61210	72491	62418	65029	73069	57386	70637	77481	57924	61717	60976	56439	69122	64789	50060	74382	55897	42454	69649	62988
Lotamo	103865	84962	132100	121357	131060	131380	134222	103229	113614	81650	106156	128673	88523	106217	98938	130622	115765	107213	99079	111306	134335	239367	121893	117484
Pyrobo	88202	75985	93514	91771	70528	74725	85550	79867	91335	62228	88865	104683	61884	67667	73675	71858	87044	84526	270768	92576	64951	53983	90252	79689
Cafsp	69722	62664	71282	70416	51179	59563	62675	63856	76018	51466	73798	87900	50515	53429	64128	54889	71465	72860	41925	76262	51786	36405	71023	67501
Proadh	111913	93707	138179	133540	130333	109675	139933	115198	128141	89218	119268	133969	100450	107694	98290	125603	137298	117715	90603	125895	103731	120776	144689	129697
Pyrbah	460895	542583	474360	466070	366269	496077	443017	469869	534930	435915	519616	521166	401072	420648	492600	399665	489576	495995	321719	525373	389492	257776	537449	487807
Chrpol	302419	247527	309173	318700	212972	246466	349011	458253	352451	222574	347166	453865	212643	223039	438459	356121	315260	318371	183526	377705	231446	163258	347907	391412
Ostmed	568212	416177	588306	568073	452454	431854	506204	460062	487513	354620	551345	635102	379678	401462	456128	497707	564155	570933	361606	500650	475450	393140	570759	647225
CCMP2097	156847	141425	151643	139822	127319	143974	128477	135901	156411	120116	161156	194418	108895	126264	142066	121108	151495	157134	102072	153173	180609	126290	146894	150487
CCMP2098	308002	324061	340584	330839	327532	345119	299847	308663	334244	267265	340384	373208	279644	301993	301549	302596	334458	336450	407915	342197	312673	236497	340307	488380
RCC8561	2969	2145	3246	5307	1443	1952	3536	2275	2562	2094	3209	3284	1534	2085	2175	2811	3862	2418	1384	2609	1735	1462	3793	3224
Norsph	77535	71402	95871	87303	90637	80123	88185	83748	88531	64103	84747	96338	69823	77833	77851	99149	93402	94744	229663	90260	79688	94632	94585	114137
RCC8563	3399	2521	3799	4716	2357	2364	2964	2717	3031	2597	3678	3711	2131	2391	2582	2617	3133	2861	1763	2954	2153	1974	3221	3064
Ptedan	134860	103944	158754	151642	155736	116202	153367	132949	143708	104879	141600	160126	120773	121010	113804	138737	149692	128075	103398	142950	123321	110388	163179	145059
RCC8565	9472	2801	7804	6279	2889	3066	4426	2954	3812	2212	6371	8353	2976	2314	3965	3591	7221	7110	2420	3578	6243	3701	5517	6210
Chlrep	104732	103661	122051	115630	113349	113049	108296	104029	118745	86410	113775	126070	95172	100050	95826	103096	117027	108020	82316	116362	95265	89148	118574	110079
RCC8567	2451	2077	2473	2737	1666	2153	2645	2354	2455	1959	2741	2896	1610	2018	2325	2153	2366	2559	1583	2579	2079	1750	2705	2476
Strinc	127974	99775	141644	140941	105589	104568	138742	131656	130642	101910	124463	148487	101079	98295	117421	157725	135424	150903	92538	142938	146241	105419	144804	149023
Undescribed	37791	20590	40239	36401	29451	26436	35894	29251	32124	20463	32196	39009	21360	23934	29185	42328	35450	40440	19813	29952	33249	42523	37952	40514
Dacfra	62179	54299	81146	79267	82361	71756	81659	66987	73593	53290	67402	75111	63000	71370	59691	75934	73397	64766	57904	72036	79058	95947	83116	74904
Pycsp	41960	27668	39703	43535	25840	26603	35533	28746	34567	24046	37928	44093	22353	25181	30013	27248	37097	35869	20914	32222	27876	21999	38185	34881
Detcon	86621	85831	107344	101010	114141	94908	100498	92504	102673	76057	93662	104390	93537	96959	78503	92729	102866	93212	85610	103401	96763	80603	107520	96173
Stracu	231744	221904	226458	227367	178570	206113	227146	225412	231787	214383	238261	267568	188377	184044	235305	210664	234925	265171	159185	252544	219114	165291	273035	259817
Percos	120845	105120	153443	145004	138558	125070	145134	123945	141403	95051	126295	141116	112701	118928	105314	137135	140569	125467	94554	140412	105434	119270	149261	131853
Lepdan	239463	180617	305513	264560	294884	236251	261041	232328	242105	172990	222660	267705	217103	227977	206807	248395	234545	221009	220395	229252	260086	313724	261071	282055
Pracol	68152	50303	64057	62235	49203	49379	54459	52201	62396	44291	67921	83188	47654	46451	55457	47241	64509	64978	41368	61210	53446	36046	63507	62811
Strras	89816	47612	84287	86697	45487	47405	78956	67372	65174	52131	73073	86462	45539	43208	67116	85248	77368	89870	40553	73017	90449	53273	86815	91815
Togjol	248889	279094	269459	270008	199455	257508	242024	267101	275687	215266	269400	282455	204439	214015	265740	232586	270800	273576	171627	293220	205392	150472	298480	274288
Alvsp	84797	72039	90615	88412	68328	70981	78280	76896	86815	60438	87800	100160	62797	63640	74155	69578	85313	83586	222407	87379	62675	49165	89090	83287
Crusti	76606	65654	76309	76357	49099	61509	65646	67285	78170	54222	78638	95203	50709	56050	67113	54992	70732	69744	41484	76464	54856	37155	72635	66661
Hetaka	358184	235456	355095	348222	271104	236803	316419	274689	302848	214055	343865	395434	220572	235889	285561	330643	364009	355192	213148	311286	307295	253297	356648	438935
Styreg	145541	123072	158350	163284	116139	128627	140066	131613	144187	101645	155427	197157	113815	117626	126360	118308	147641	140177	92316	150058	116112	91748	152311	134003
Durbal	489399	556465	489926	493191	490030	517334	464458	501409	538813	466505	524378	556459	474105	463156	515631	435171	505000	519059	423474	542875	633285	365584	582713	538375
Ampcof	94990	78040	104141	87810	143277	95551	83259	82459	90680	78739	97955	100737	117791	107451	82915	81786	98178	100074	105685	89574	180101	113138	103210	95967
Nocsci	195357	199109	230866	211918	180929	207604	201390	204214	225255	159424	206141	227770	162636	179439	192242	192975	213660	215986	146619	372118	175700	186843	226300	218841
Oxymar	5811	6089	6106	6741	4521	5156	7140	8195	7049	5671	6476	7417	5065	5210	7427	6911	6543	6381	4405	7522	5328	3531	9196	7845
Rhimar	92412	123461	98231	93812	75113	78524	83369	79440	98723	64358	95005	110830	69250	71712	79998	71419	96670	94436	67257	99092	79667	67667	90411	104338
Thafra	76058	74185	97026	91763	128929	87883	94424	86075	95681	75022	85926	95465	102309	102373	72345	89155	93377	85693	86430	94940	110194	89108	103758	88371
Eryaus	40593	38057	46786	122696	38242	37020	39340	42902	43239	32271	43458	47652	31204	36754	43716	54207	45151	54323	31108	44593	35357	33632	43844	68217
Hemand	254276	145608	233574	217810	134423	142906	193998	165883	180975	121790	219803	256583	124312	130386	179804	167476	222752	211245	108940	179076	182468	119234	230884	258500
RCC7019	11864	4348	10028	9020	3661	4127	7307	5614	6535	4551	10088	13033	3895	4201	7061	6679	11287	10553	3505	8046	8052	5086	9466	9941
Euphar	54957	49861	65707	65781	59249	50841	60949	58856	64112	48905	58800	65736	51374	50655	50140	56717	63423	59947	42696	68252	45163	38952	69242	58869
Phaant	207737	180669	206953	217581	144801	174423	203243	246413	246808	155222	247323	311466	145235	158397	255473	201353	218513	216108	124246	255907	163042	110757	219501	230633
Picsp	58747	39236	60135	54613	47698	39253	50943	46099	49086	36293	56752	65677	37781	39396	49440	56784	63893	62943	36963	51349	46332	41166	59698	76236
Skecos	50654	41648	57218	54561	76736	53681	53116	46895	51824	41930	51272	57223	64625	56846	42189	46420	57384	52162	52468	53990	77845	59238	57228	52283
Nitsp	139193	144963	166495	161627	302331	179114	152257	148482	162088	151323	152007	169042	221786	200161	128385	141769	159294	150011	190650	168843	249545	189186	171577	148363
Flosp	80314	67562	83563	84682	59238	67203	73441	76472	174327	56024	94818	124300	54961	58097	78658	66121	82753	80606	59844	101304	64110	54358	77191	103892
Attsep	63330	59651	75817	71236	93713	65844	68351	64689	72810	57196	67362	74252	74861	72372	55870	63623	71421	67012	64421	72319	78122	60203	80098	69650
RCC7013	2809	2392	3298	3960	1821	2284	2679	2539	2747	2354	3383	3380	1861	2156	2464	2296	2635	2543	1758	2833	2011	1687	3110	2866
RCC7012	2676	2267	3215	3201	2180	2336	2531	2320	2740	2034	3019	3156	1926	2166	2225	2142	2962	2604	1720	2881	1881	1820	2887	2380
RCC7015	2597	2340	2660	2945	1715	2349	2610	2569	2771	2126	2674	3203	1860	2299	2373	2434	2767	2521	1519	3018	1961	1610	2832	2582
RCC7014	5637	5424	6118	7247	8205	6545	5911	5861	9352	4139	4732	6132	5611	4334	5657	4988	7012	6980	5499	7249	4395	4092	7527	3828
RCC7017	2924	2241	2872	3160	2153	2141	2776	2317	2616	1922	2927	3048	1970	2197	2134	2444	2592	2493	1702	2623	1838	1727	3105	2947
Bolpac	148122	124891	159973	166039	132801	131868	146972	130265	148797	110499	152531	175245	120648	123343	122954	123595	157145	143421	102981	152782	132264	112865	155878	141788
Mansp	155786	181431	174905	187262	298156	106637	201963	256934	125635	197852	229261	173348	144891	203736	325271	801549	270944	608901	269619	203376	172209	198887	182463	997434
Psesp	117618	79032	127192	130146	88473	80457	125772	97046	111339	75145	114503	127881	77767	80448	87370	100470	128864	118699	66421	112987	91655	79247	127250	116912
Alecat	337393	412261	333874	343174	264390	369315	324647	345189	386233	333428	383764	380745	300560	307030	373978	288043	350042	355218	235529	384144	287877	177428	397701	359526
Fraker	276140	313060	329542	331124	639126	455967	317809	299631	319008	306098	305571	333125	430672	467877	267179	306378	325654	299845	365248	331381	578584	548994	402644	333119
OdoSin	63805	59293	71494	68784	73204	65506	64875	60989	69219	52371	65721	74161	60920	64254	55033	56936	67307	65737	52920	70052	74368	57663	70906	64786
Ampcar	247727	278174	359432	347136	227019	265146	251062	278559	302493	217384	273750	326519	220003	232950	263337	250221	290848	289463	187460	311327	212818	174828	310139	288452
RCC7018	2773	2638	2956	3165	2747	2481	3034	2513	3014	2442	2940	3558	2371	2560	2453	2337	2855	3030	2319	3175	2357	2279	3237	2834
Neodes	94428	94452	97234	97451	84245	91312	83928	88837	115513	81654	104477	122224	74890	94241	89079	87179	95681	102524	66690	105500	78484	67807	93984	103981
Thaant	83378	74807	105564	102934	131931	90749	104321	91464	98537	73966	90539	101935	111155	102032	74577	95695	98175	86232	87381	98217	110057	91842	109982	95408
CCMP2000	62512	48622	64064	66163	40369	78279	64105	72218	69644	41328	70280	89639	40062	42451	73009	63745	64329	65776	34272	72277	44085	31285	68784	66026
Eupcra	77265	44875	85260	103747	55874	43957	97407	64898	68488	46213	76986	85721	48688	48817	54984	69698	87249	63544	40864	68965	46118	40500	92250	83724
Chadeb	81438	77534	100415	98788	108080	86102	92773	90908	97430	72117	90480	98273	90048	93550	79850	102665	100341	97991	90796	101215	86666	80007	102303	115348
Malsp	64265	64182	78463	79557	71937	72944	77013	70035	74563	55161	71107	77154	62237	67033	62068	70959	74945	65502	51509	73647	59669	57206	85087	72465
CCMP2293	234962	182764	221727	228958	169343	178939	207362	187645	207738	155825	232352	263690	163088	163981	195951	171977	221363	206475	138385	206687	175034	117093	229575	223284
Scrtro	879960	1485302	853499	862646	892679	1468296	946033	990688	949903	1331623	947904	917285	1138866	1172494	997674	805120	941467	975143	1340884	1025545	1384847	822578	1199460	1124281
Chacf.	61264	58076	76699	71529	85632	65932	66846	64966	68974	53889	65131	69975	65944	68301	57141	77644	73373	74221	61342	70563	69678	68106	74068	89467
Thanit	89405	83684	114245	104690	150471	104667	105252	95556	105182	83764	98190	112516	113711	112096	80079	100003	101896	95280	103578	104312	150283	132853	110495	99745
Thrsp	86230	69082	92791	99631	73277	69943	85448	83073	84325	59217	80998	93807	64112	66812	70874	74747	83730	78049	55448	136009	60781	69173	95899	84572
Polgla	411984	482668	429582	415242	363139	447459	380108	402423	485324	357493	420372	437201	345112	362641	426632	356627	435539	445792	297510	435866	372892	341084	480502	462091
Gemsp	131958	108727	139110	134879	111779	114417	128883	123164	129698	93658	135076	147485	100331	105135	120304	116653	135528	127046	86059	134592	105181	86463	147002	146204
Minpol	191691	174412	215101	205334	202429	190307	179718	178305	201777	154397	201501	229363	175933	183354	164339	164829	202192	195929	157047	206098	213741	158992	210643	194998
Peraci	330464	432371	328872	336853	284141	385197	325685	364596	363678	334485	365463	370700	306615	312709	383504	307090	341575	396725	276427	378480	329030	209709	411345	384804
Extspi	272768	250448	311300	328397	272242	309395	279327	227052	284390	182455	249810	251064	209319	222734	257736	218445	261453	255278	376845	280384	326916	384852	249016	592746
Proala	102285	116391	130782	119732	134606	112567	123100	110696	122463	86770	106733	120837	102348	112843	93416	116899	118367	114335	92217	118046	115855	127346	132292	116091
CCMP2436	205871	169647	202043	202855	148416	164234	186601	188044	203734	141763	213235	249868	144091	151579	191653	168721	199057	202377	117727	201327	163038	116000	215733	216517
Lotglo	164076	142834	183168	177098	164847	156337	155860	157709	167431	124316	172979	192392	137119	140540	147590	146303	184578	165572	123871	176318	147821	121810	185958	167608
Lanabb	28270	24513	33724	37315	30331	26944	33130	29867	31638	22298	31686	31677	25880	26336	27073	32809	33316	29494	22048	31962	24240	21834	36558	37724
Guithe	112701	107579	124801	133277	103086	107134	115802	107173	121056	90260	122566	134477	93129	97560	102794	97513	130781	110405	77848	125005	86529	68532	125166	108017
Gymsp	76842	52262	82959	77839	68180	54982	72489	65977	73580	48621	75698	83236	56601	57353	58092	69820	86216	73833	48991	71697	55876	47974	85276	79503
Emihux	539159	1457099	556718	674014	762277	1195816	560773	606420	599682	1769056	600861	752463	808311	1789259	692504	532251	591490	605877	1025309	612228	1114009	1520717	575729	1020504
RCC7011	5952	3736	5976	8931	3110	3406	5839	4317	4729	3552	5912	5981	3105	3324	4359	4457	6238	4869	2556	4985	3337	2782	6098	5661
Astrad	91915	76786	106721	102307	136083	99566	94447	84642	94380	80883	94079	106845	105622	109040	77591	86917	104545	95975	97968	97573	135841	128693	101032	96448
Palbil	109965	83522	120715	120510	96662	89998	114623	103359	110902	77712	114627	129215	87398	83287	94463	96185	120073	110243	73331	112381	84415	70687	120855	112185
Entsp	36265	35462	45434	42519	62851	42484	42415	39888	43048	37879	40559	43865	53648	53133	33361	39825	43751	42185	46294	44094	68751	51713	46787	42707
Coswai	76077	69068	93678	85849	103500	80585	81586	76606	83215	63125	75980	84436	83776	79722	63485	78070	83888	76370	67950	83637	79485	65683	91036	81091
Gamaus	254576	290523	273165	270921	203751	263000	256164	268863	296509	233542	287400	292944	221083	231629	270293	233005	280778	280899	187412	296372	231172	164150	310339	276572
CCMP2135	71442	75967	77554	75403	75567	73585	67974	74348	81110	65342	82515	93316	64424	73755	76891	89611	81254	95277	63055	82778	75928	57501	75213	112752
Rhosal	114434	89195	110627	111271	78389	86163	97429	90480	103233	73725	111164	127120	74014	79532	92694	86717	110284	102734	62075	103142	82305	57266	115315	113574
Hettri	308289	374997	297088	295568	289840	336918	281920	296884	337628	296338	342720	344605	266410	272000	333148	250213	307576	311274	217182	327991	268003	162709	344690	323184
Pessp	54106	48377	65384	65204	63007	53510	67303	57544	63862	46468	59203	63657	52504	55143	52038	60622	65969	56248	43838	63110	48784	45961	74139	67247
Biglon	61846	59526	74287	69679	70910	65531	67126	66486	69131	56051	70128	76611	61189	67804	62221	77914	75721	76984	56751	72209	73566	64305	75386	92980
Aletam	693126	738640	710683	728148	521345	684852	680004	689947	765446	653566	768804	828547	569300	591760	718079	593748	727080	715644	469263	783450	602575	413986	801114	728847
Myrrub	106843	59818	108134	111668	69981	64722	116519	87248	88927	56215	94444	108566	57510	64752	77551	104073	107279	85511	49670	89071	70409	63921	130576	125125
Prypar	240391	167952	245418	230624	156795	164045	226841	245372	226318	146278	238964	299751	144339	152564	244793	221264	238805	246740	129286	233734	182605	134680	235939	258818
Ammsp	113988	99995	138633	136082	122172	108227	122637	133702	136185	88724	122202	171200	98402	105551	101994	128613	129263	118980	82891	142148	89458	85584	146158	128800
Chrrho	62668	59595	68213	67497	61766	56907	61742	69423	69653	51104	72635	83880	52418	57044	74415	91470	71938	90469	51400	75243	56972	52316	66143	121461
Rholen	90784	88936	95189	96177	78722	87028	87211	85495	97187	72505	97008	110183	72358	76926	84331	77318	93405	88536	60349	97694	70849	54428	102523	90870
Tetast	122695	114102	133113	133096	96118	109645	120129	113970	131265	96217	130929	144939	93117	101250	108975	100406	130707	121585	78513	132230	87699	69395	131679	118193
Parban	76708	61044	91445	83995	76935	66806	79866	70142	79191	53676	76480	86609	61405	64612	62275	71764	86862	80541	54438	80867	67093	59120	87091	80129
Pelbei	422803	1476807	516413	449970	869639	1338521	417176	491319	422462	723513	420467	487148	636149	767807	389702	487146	657028	651475	748802	625004	805459	860700	609458	817450
Tetchu	76015	65461	84595	79916	60918	65316	69835	71150	80964	55701	81224	90460	56711	59843	67437	64100	77130	75475	47970	82071	55099	41727	82236	72851
Corhys	77361	63368	91883	87544	101922	87115	91386	74339	81796	75050	78292	88213	85519	102983	66937	85520	88060	78136	78644	79491	129287	119495	92325	86640
Phapar	168150	172020	184950	190872	204658	158510	158906	200990	178127	159057	217545	225866	134285	172745	235798	368372	210209	325130	170775	224656	158927	159709	172141	519852
Glowit	157150	145769	184898	192139	166147	145882	191407	169887	224010	131050	182132	187817	137118	147088	165183	209994	199832	191746	127995	179370	134666	131212	197719	258329
RCC7016	3161	2472	3467	3842	2485	2473	3470	2663	2985	2252	3061	3691	2263	2537	2557	2472	2978	2967	1980	3062	2551	2343	3307	3094
RCC1024	65044	101739	66801	64896	66816	99594	52637	57050	70438	106786	67878	81435	61518	105432	58569	48298	59499	61566	58013	68165	150525	70595	56291	55089
Pyrpar	129745	112423	145901	134450	107359	112772	121036	121729	137582	92393	130921	149793	97241	104103	110971	109945	137341	130075	82301	137156	96056	78084	137151	122599
Plamac	110982	81451	127778	121388	93791	85478	123610	105533	110891	74915	107458	135848	80673	84882	87714	110123	117671	110265	67454	112955	87607	75309	127537	113538
Manant	91113	81994	91188	89292	68897	80436	80014	81339	91932	66469	92553	107686	64592	71109	81387	75572	89454	87903	56897	91068	74763	51077	96101	90707
Cycmen	81277	78641	102397	98409	119755	83657	93574	90233	96192	72951	90684	95710	91207	91896	79045	110924	100537	104532	84152	98601	89140	77836	101858	127262
Kryfol	701624	827519	680606	719766	730913	766952	670625	718531	781407	720810	764268	799647	747726	700953	752204	611769	716644	714635	636663	776778	865729	463752	833535	760634
Strsp	113231	67060	112110	109405	85923	76793	109482	89651	97517	80658	100417	127040	78196	79011	80959	98801	117232	141956	72400	109851	139855	116171	123252	116156
Proret	365055	442603	357555	370014	284283	394637	349358	368312	420275	361614	420106	414481	322847	332430	401666	308522	376995	374565	249911	408252	305379	184014	428895	385802
Gepoce	153888	317891	152364	163327	173022	251116	151736	188896	178018	289347	177443	220787	170234	316236	190751	150838	160056	155830	157537	185265	244721	235064	179150	178441
Spuelo	135905	139151	140049	146356	120049	128115	135027	142797	134833	115904	143022	150694	109016	112551	143242	124897	147862	138807	270197	142665	131972	86322	162845	156759
Glefol	483748	576525	448100	487093	484590	529858	458665	489810	522513	500418	527047	554987	506937	468033	526443	414968	484171	486622	445067	520572	698175	322493	574123	532625
Thamin	188149	151655	212522	192684	211297	165033	185744	172414	190777	138208	191297	216479	166462	172617	162372	183331	206177	203599	150865	190529	206478	164722	210192	224536
Thapun	93130	88058	106183	100432	117042	94598	91938	90538	106557	77992	100157	110477	93256	95061	83392	84190	101866	98528	79964	105843	100196	77657	104873	93529
Isosp	178521	250360	183131	170867	166141	221219	162597	183822	169253	285674	179484	225902	171259	333096	222722	156790	174354	172726	167737	177182	225670	262348	188243	191223
Prasin	61612	53887	61197	60898	44169	48986	53570	56141	64471	45952	67338	79227	41600	47130	59237	59576	64048	71423	38740	126845	45822	34652	60838	79932
Comcoe	100946	120811	133059	144940	205366	83553	129406	162856	98864	121013	153822	122551	93900	140441	211553	478246	190809	376098	171258	143047	123579	151255	127401	699975
Psedel	127092	255578	158204	145153	930723	704664	143490	130572	151320	196370	133114	151393	451111	626824	221232	137407	146859	146677	843291	153414	1071653	1434502	152727	164125
RCC8568	2453	2267	2576	2867	2332	2297	3807	2400	2696	2057	2818	3057	1991	2264	2347	3027	3424	2532	1684	2672	1965	1732	3541	3557
Hemruf	105503	88002	111969	119410	78069	85872	99615	90770	105506	72868	108580	125127	73045	77437	88042	81829	106085	98966	62160	108024	74984	57667	106137	98051
Batpra	70820	76454	85096	81049	111489	86990	77640	78730	82198	69930	84299	88812	82725	83825	77063	89024	84189	86360	72599	84315	78864	68719	91719	103968
Craaus	69703	57938	77516	72050	94601	65330	67649	65944	140990	58814	69493	76717	74031	72022	56602	58106	65562	66624	68193	69564	97913	67523	72094	70270
Micpus	32706	28319	34645	32029	32170	29623	28614	30103	32691	24483	33619	38409	25507	27696	29898	32384	34835	39790	23602	33884	27788	21964	34170	40619
Poraer	56342	51683	69522	63389	84910	89852	65050	51622	54973	46336	49864	60298	52627	62307	50094	62920	59256	60069	219981	59668	82879	159192	58376	64151
Rhoabb	131619	120327	143772	146470	106695	117302	134816	124596	139654	99401	141146	157266	100463	107641	118623	118199	141585	131221	86308	142432	108635	78201	151488	142366
Thasp	166891	159915	197285	182951	219051	182657	168372	163261	188319	141991	175184	194568	184572	180865	148381	156822	186658	176641	160814	188731	197601	162334	191351	170553
Ostpra	35769	39516	42417	39476	56333	46094	36882	37054	40561	34396	40419	42836	42801	42152	35256	35832	39317	37411	34675	40791	39700	34467	43878	38917
Pseare	78692	136222	95478	88156	476831	341061	91350	84051	90076	114884	85087	94322	244394	322389	72002	85466	93749	89333	487745	94291	543555	732955	97792	88611
Fibjap	49441	35341	53238	55392	38539	36158	48741	41461	46114	30995	48084	55640	32751	35284	38584	42323	50296	45640	29107	46744	40775	33415	52361	49958
Corpen	132310	123570	156085	152213	161459	145052	151571	135007	153636	114156	141976	160448	127550	146390	122042	138048	149923	138321	116420	150077	159928	162246	160554	146431
Chabre	15303	8097	15346	13132	20218	10704	12129	10040	10925	10690	13283	15865	17954	15516	9845	11192	15489	15473	16088	11591	23601	17620	14485	16299
Isogal	222983	165293	227446	224827	135564	149225	258391	234366	218118	146372	236192	273486	131805	147742	211541	235054	210466	201551	110564	210591	142413	109371	264800	259092
Symkaw	24968	32595	31029	29072	23998	28988	27028	30105	29940	23856	29094	31134	22425	24252	28422	27513	31137	31488	20547	33632	22723	17948	34412	31870
Chreri	171815	178222	231492	241801	141023	153539	263112	220684	266932	123380	189788	239147	124307	150143	282073	166213	206942	211412	122295	262187	155328	259598	194888	194621
Lotoce	69673	65143	79038	76665	71693	67315	71088	71089	79563	56682	76824	86634	60273	65449	63423	66240	79501	73247	55059	86627	60614	55490	81220	72736
Symsp	1914577	1925127	2070782	2123739	1606319	1926804	1979212	1811515	1870797	1482411	1961589	2080776	1505504	1576406	1790821	1760710	2051403	1945002	1363592	1980314	1715154	1572829	2208929	2216602
Pycpro	64847	62348	71316	67100	66587	64658	60356	62822	66038	50941	70395	80859	54259	58845	63800	71748	72304	79621	51522	69359	61671	48668	70263	92109
Polpar	129653	142652	146827	150093	167238	163430	148473	132400	143149	122087	145131	162805	141171	143066	126984	142565	145352	128953	119783	144497	136722	146914	164804	145957
Azaspi	1735818	1763620	1411088	1431842	889645	1375214	1391262	1380209	1667760	1543057	1956603	1336358	1305304	1186456	2179234	877355	1118511	1230424	660190	1068662	787198	459344	1813797	1233841
Micsp	272629	278947	332867	350606	270363	255815	323579	265159	335151	230477	277767	348972	202317	241647	323006	227725	316368	329403	405581	341517	264785	332289	317145	293674
Graoce	76027	77457	91951	85604	119118	88400	77977	80324	93912	72917	83325	90309	98104	97196	69275	74446	89865	86063	84313	93776	102100	74879	90960	77773
Chrvel	112946	110326	135536	130652	119301	119022	116427	122973	128704	95414	132680	137248	106117	106335	117914	129237	128710	132385	92949	136927	95226	91753	132079	149806
CCMP1999	48604	43135	55752	51666	43061	44287	45767	45103	51236	35296	51836	57279	38271	40025	42436	41957	51312	49633	32228	51408	37275	29738	53319	46401
RCC2288	103767	129865	103231	112263	91357	120139	97119	100883	113157	99238	116213	133929	98229	99511	101358	86842	106565	99692	79178	110751	109884	87324	113577	103499
Gonspi	243379	295386	257455	261422	183409	259344	236971	259756	340720	271335	307210	284289	235002	234523	279311	217381	275043	271745	176574	290986	238443	133186	299108	274414
Psefra	704415	780857	610255	614730	768385	835636	590049	599925	705246	700636	800923	594379	722292	773597	892687	409633	489966	544417	516402	481359	863611	852243	760067	537107
RCC8562	2331	2280	2902	2830	2018	2374	2370	2304	2634	2106	2603	3032	1896	2149	2186	2199	2834	2473	1910	2847	1984	2251	2909	2643
Thawei	114313	101322	142315	125654	144077	119321	123547	110980	123136	92150	117053	131514	118637	119340	98540	110929	124819	116854	98587	122049	140352	110244	136242	123653
Skemar	173328	155934	206695	193632	269397	178939	187085	175500	192710	153808	187563	208225	209406	191056	160535	185909	209738	197334	181472	200848	225176	179476	206488	210094
Acasp	141916	103021	147002	133339	94386	104738	127995	122688	131951	91090	135522	159584	90095	96811	118239	117803	131865	131671	75349	127321	104441	80002	147404	139493
Filnol	65829	59869	85771	83592	73840	64500	90130	72052	79756	52628	73090	78923	58364	64285	60904	75672	87763	68855	49851	82445	54728	55491	91873	76606
Pelcal	147345	784457	152707	145731	253546	644193	136068	144417	181577	362088	159911	187520	169099	621703	148981	122657	151187	156288	198676	310876	718585	277427	150568	174215
RCC8564	3301	2353	3697	4373	2030	2327	2988	2726	2756	2223	3199	3588	1790	2164	2469	2451	2500	2682	1644	2788	2050	2165	3342	3014
Sarsp	30264	21324	26965	33501	20168	21325	24046	23861	26373	19243	29085	32654	18967	20527	23051	20621	25395	27042	17107	25641	26999	17182	25936	25377
Phasp	82951	67608	83520	89585	55951	64802	86612	111700	102523	59534	102069	135638	55505	60385	113566	89929	88124	87344	46904	109565	61194	43451	89605	96939
Ditbri	208124	165660	241493	240716	298890	204408	219114	196358	205114	165559	213909	224977	230184	217350	178995	222483	227919	212548	207119	211940	249272	208772	242409	265340
Stetur	95456	78361	112064	108902	135638	95953	97586	89318	99028	73161	95796	109219	91102	94299	80036	90945	100814	95051	83928	100866	105860	104984	107567	97490
Debhan	47124	31206	52773	54270	48772	33405	66986	47909	45151	35235	49711	53385	34404	39566	46705	78787	61741	59202	34279	51187	41255	44030	70900	105570
RCC9983	8638	4511	7935	7214	4495	5216	6119	4687	5021	3567	6403	6703	3657	4110	4882	5254	7092	5904	3273	4885	4450	3747	7727	7672
Parglo	138641	158773	171170	181544	252959	119570	174722	211191	139475	161984	202486	172655	135180	179670	253773	547886	237096	432566	210442	189355	155232	169005	175008	745534
RCC9985	13448	8430	13512	14577	12918	6818	13965	12231	8403	8356	14642	15040	6805	9643	14660	28510	16542	23718	10634	10658	9811	10842	13592	41799
RCC8566	2710	2228	2862	3236	1712	2152	2726	2442	2787	2065	2856	3085	1840	2084	2386	2302	2714	2587	1488	3103	1869	1727	2842	2570
RCC9987	43124	4786	26089	23888	9222	5612	19751	8514	8492	5176	24240	24875	6578	5589	13042	13963	29478	17654	8115	6815	25967	11659	25528	34190
Permar	10775	9296	12077	12735	9900	9584	12927	10891	12004	8573	11853	12664	9959	9973	9899	11576	14896	11424	8278	12140	9902	7056	13793	15098
RCC9989	24887	4202	17323	16321	5261	4508	14246	6732	6464	4360	14771	15170	4497	4686	10258	10924	14592	11058	3925	5757	9983	6376	18063	27950
RCC9988	12294	4321	11082	8646	4503	4539	7234	6093	5925	3771	9395	11292	4003	4152	6774	6136	9783	9133	3674	5528	9379	6200	9253	10900
Chaneo	134688	108317	159809	150764	181855	133927	156529	135739	148668	111904	148655	162278	140767	163317	120837	153882	157343	131421	121673	145032	166863	162484	182825	160272
Tharot	160843	171963	236163	315389	223674	199458	266385	202014	223601	137481	217300	204973	198768	191816	225301	202190	216417	196955	175711	235746	244905	370238	196432	191403
Bignat	295667	265260	324957	299335	287010	299178	275680	270269	319264	241797	370192	381308	262868	262906	278623	263569	307837	286711	223806	279641	267273	210545	314766	296227
Mespul	324837	335736	323139	336644	279520	343103	331211	302363	329436	281064	344859	362971	263412	272308	329035	293648	320488	308578	226626	330108	305975	277908	365559	348204
Tiafus	244602	203217	265863	267649	384035	215065	252681	233844	247615	245421	250020	289544	324874	260415	235700	238431	262538	238198	281541	264358	408655	198108	298143	272467
Chadic	54418	45426	65114	59322	66115	52301	56145	51922	56936	44433	54432	59904	55095	59463	44421	51490	59461	57181	46472	57070	65977	49323	63596	55528
Callep	120766	112712	131023	128597	100608	116504	133287	153595	142081	95776	136864	170155	92792	104551	145598	124446	128361	129104	86516	144414	103143	91738	132989	134064
Ampmas	287787	327241	332505	313073	249028	307263	297191	325268	344593	256248	322787	370915	249840	266220	311006	285754	339877	333487	214688	362790	239276	185501	356204	318129
Perche	8328	7171	9594	9163	7617	7409	9464	8838	9163	6184	8674	9949	6929	6870	7702	8766	10189	8706	5956	9790	6665	5741	10357	9183
Neppyr	120816	101005	123146	131704	89064	93806	110138	108150	120671	85990	124799	145342	80556	89424	108087	117102	120005	132848	75508	122649	85635	72202	118548	146850
Cylclo	114896	322164	140700	162766	958283	979205	109710	105596	120078	225976	148091	130570	1205004	1073894	87608	103128	195885	134694	543226	149013	1339760	1211787	121378	105420
Skemen	101340	69354	108433	174039	111005	83814	95966	80558	90395	66008	94062	103775	88377	86125	75878	88637	101046	90856	76870	89676	102576	92577	109624	111438
Chasub	139580	104856	163234	153362	130705	115866	154152	128973	142295	96027	137601	155026	106283	114212	113022	137005	149821	136812	93861	140739	131279	119935	161544	146011
Amppal	93433	86470	118537	106302	155638	97797	102178	97301	105183	86731	103356	107525	114945	112399	87562	112399	110261	113846	102064	106932	119802	97937	113643	132442
Aurlim	186858	111782	184368	166662	125972	119463	153881	128799	145534	101855	165964	190495	108268	110955	140318	140591	174628	171786	97786	148131	160528	119693	181485	197963
Picokl	40442	28886	45269	41551	34527	30320	40535	35563	39151	26379	39557	46090	30056	30358	32426	37104	47309	42770	25835	40650	35838	30811	43549	40325
Aulsub	58189	54748	74608	67011	87180	62173	69156	63194	69849	50342	62891	69082	64678	64825	52503	64523	70450	64023	57839	69186	70205	65128	74717	65953
Linpol	699986	866886	680149	711420	536225	772557	777066	737849	808654	729059	879841	784358	663266	638498	779879	571298	721485	711923	488949	766259	658310	562427	818377	742392
Amosp	81934	75677	89710	79800	67041	72399	77432	76447	91243	61580	89343	99707	64484	66732	78564	71502	85333	87544	56587	86076	70938	49955	91598	87106
Maysp	126716	154567	159109	182693	254935	110938	160975	201639	122363	155339	193423	155962	123880	177297	263149	588528	232801	459845	214525	179307	155295	187918	155218	831551
Pelsub	170673	406312	257761	289519	274371	403588	338994	223494	325531	402991	216676	211879	201046	408440	329278	201017	203919	238899	496578	305221	609772	629513	153468	314371
Scyaps	122360	109892	139371	130492	95266	112459	121553	131519	135571	87946	129934	151617	89686	98082	128177	114431	133178	129524	76078	138295	91618	75486	134344	125769
Vitbra	79062	72068	86398	85246	69004	72761	75802	74605	86349	60942	83100	94759	64590	66343	70382	67005	80826	80027	55651	86740	64050	51784	83520	74765
Karbre	1190967	1207926	1304290	1171603	980038	1113068	1134662	1330034	1291280	945850	1285919	1323169	957032	987753	1390588	1179020	1340925	1374394	993207	1372572	996502	682424	1505610	1351782
Proine	54667	40458	62582	57573	57752	45101	60299	52223	55839	38559	53632	62008	46646	49898	44829	57472	58430	54983	39745	53583	56361	45089	68255	62480
Gonsp	100991	79923	107958	110810	73623	78449	94253	86230	99636	67389	101465	117898	68256	71206	81278	79680	105684	98542	58371	103852	69285	52750	104584	93722
Prosul	108458	95817	124049	128314	109319	86500	116035	113782	110000	84724	123005	124064	79851	94370	116561	178218	133714	163416	86914	120186	85138	81522	121347	241319
Rhosp	74274	67760	83343	111492	69919	63472	78026	98623	77085	79582	81701	87334	55345	68951	87209	105052	89929	100505	142053	81418	59479	54381	82009	137129
Chrrot	154297	136681	164691	160185	116610	132576	155197	183535	180352	115124	174710	219472	115370	118707	192884	150452	162970	162427	97964	187962	117307	93210	163676	163205
Promin	1399299	3630585	1536813	1541854	2733575	4394576	1059006	914110	1195491	2112659	1315755	1277413	2821263	2975596	1036978	727353	1828973	2005878	2921517	1887284	3456131	1664164	1269649	1492184
Crycur	102740	91387	112671	114078	89111	93065	110103	99703	112093	77390	109420	125765	80109	85846	94001	94547	111681	102993	67500	112002	81905	69605	118149	108711
Tridub	75825	62721	81945	81442	86335	66555	73328	68846	78131	57505	77205	89541	69439	66426	64061	64001	79130	76307	61473	81423	73565	57475	81721	80930
Struni	74801	68179	92014	87209	120996	83658	82787	76380	84827	67776	80156	87920	94309	89487	66499	76168	85792	80457	81726	85184	99740	83379	91823	77431
Dinacu	391235	432779	378112	381622	293491	384110	361312	373859	444867	353059	442013	439027	344420	328062	423394	311727	397304	404519	251535	418076	327764	184786	440886	398737
Urosp	46345	24139	59015	57519	33310	26712	62379	43481	44969	26300	39968	59896	25222	33699	34092	63830	47653	41168	25299	43186	29239	34450	60565	54763
Aurlag	139694	99320	166221	176798	125379	87162	211544	131506	148136	82023	115628	139191	82759	109205	179944	168640	164890	189732	324700	161621	134343	258441	134550	239755
