465676
452198
442074
423073
463726
432606
456646
66467
460677
433725
439740
435273
437487
429767
364663
460946
448960
460075
438904
455470
471108
437840
420632
453525
454560
422537
453895
467854
449277
430738
437725
455965
452985
434425
468689
462938
68131
461918
421960
427526
62327
122172
212438
349444
434520
438290
460608
70007
414778
423950
453474
453481
453479
96194
98651
417313
357433
454120
417393
432785
462391
72853
456543
198402
465346
441448
463702
426730
426690
116424
69405
352050
416626
447795
414417
460784
427023
427030
56234
55024
211619
418314
433753
456186
451704
433656
457751
462667
466668
314166
420567
461445
455777
413787
231986
439707
98406
451668
427029
429366
426835
104448
198407
105472
198499
225493
107152
468829
462466
470913
452207
466564
465191
453598
349043
107768
467888
97687
457242
109612
