100158
101315
103141
104019
106752
107138
107385
110650
123122
125355
125654
195290
198024
203188
204165
208329
213013
215366
219635
219636
221181
221999
229121
229382
229561
236437
236947
244271
246641
248640
253437
254913
260532
309512
314272
315176
351238
359239
365175
365287
372559
414497
415026
415062
417078
417208
417528
417537
418341
420320
420435
420746
421124
421173
422534
426762
428139
428425
428475
428531
428965
432409
433474
433488
433602
434018
434751
436550
436758
437573
437834
438339
438455
438851
439215
440664
440829
441919
442074
442181
442242
442739
442764
444355
444895
444997
44530
446110
446487
446527
44675
446966
448597
448908
449545
449867
450514
450594
451022
452415
453130
454452
455000
455418
455501
456563
456927
458122
45969
460052
460130
464599
465579
465828
466668
466669
467883
47625
49134
49137
54649
62303
62351
63332
63832
63987
65915
66604
66621
68485
70323
71873
72565
76106
