455280
432864
449545
62772
434881
462385
466230
434807
461962
365614
468817
451133
429040
458074
51239
447603
432780
438034
463287
471046
436143
355649
432956
424263
414681
445262
414472
464851
467360
459051
460651
361718
450766
122630
415523
450767
211836
471218
414354
432437
437926
448559
426375
450487
446972
458646
462848
459987
194620
464624
60986
438954
444869
58060
462898
462458
468695
454147
427245
120795
61069
359474
68651
468049
365211
213250
457922
468588
455687
417285
108933
76102
194846
367378
64233
434850
C5HUR7
107980
237254
53054
364000
434059
96351
225887
436024
442209
239062
440242
360281
465241
453920
434981
469801
353558
441547
450840
458546
452720
459883
238059
449865
456684
