436026
444643
440936
241900
437187
470023
225692
460978
449382
469498
361445
351211
69253
423772
351238
212114
217668
232873
124007
219043
219044
440751
440179
422537
433753
64305
428968
467437
200882
439254
195544
453721
219042
258092
451136
453687
72956
452779
73160
64600
69646
225018
212450
102453
433762
69206
225692
461482
215750
219043
219044
245832
440936
444643
453687
469992
210750
415168
443806
62679
437452
456048
69646
69043
64817
106701
52323
69253
72956
124007
436026
470023
72853
71119
74037
201096
415646
456888
444314
441727
471321
70117
433750
464017
439254
64600
231096
